0	25.27
1	25.80
2	25.80
3	25.80
4	25.80
5	25.80
6	25.80
7	25.71
8	25.80
9	25.80
10	25.80
11	25.89
12	25.89
13	25.80
14	25.98
15	25.89
16	25.80
17	25.89
18	25.89
19	25.89
20	25.89
21	25.89
22	25.98
23	25.98
24	25.98
25	25.89
26	25.89
27	25.98
28	25.89
29	25.98
30	26.07
31	26.07
32	25.98
33	26.07
34	26.16
35	26.16
36	26.07
37	26.16
38	26.16
39	26.07
40	26.16
41	26.25
42	26.16
43	26.16
44	26.16
45	26.34
46	26.43
47	26.34
48	26.34
49	26.34
50	26.43
51	26.43
52	26.43
53	26.43
54	26.43
55	26.52
56	26.61
57	26.52
58	26.52
59	26.52
60	26.70
61	26.61
62	26.52
63	26.61
64	26.70
65	26.70
66	26.61
67	26.70
68	26.61
69	26.79
70	26.79
71	26.70
72	26.79
73	26.79
74	26.88
75	26.88
76	26.88
77	26.97
78	26.88
79	26.88
80	26.97
81	26.97
82	26.97
83	26.97
84	27.06
85	26.97
86	27.06
87	27.15
88	27.06
89	27.15
90	27.06
91	27.15
92	27.15
93	27.24
94	27.15
95	27.15
96	27.24
97	27.24
98	27.24
99	27.24
100	27.33
101	27.42
102	27.42
103	27.33
104	27.33
105	27.42
106	27.42
107	27.42
108	27.51
109	27.51
110	27.51
111	27.70
112	27.51
113	27.60
114	27.60
115	27.60
116	27.60
117	27.60
118	27.60
119	27.60
120	27.60
121	27.70
122	27.70
123	27.70
124	27.79
125	27.79
126	27.79
127	27.79
128	27.79
129	27.79
130	27.88
131	27.79
132	27.88
133	27.88
134	27.88
135	27.88
136	27.97
137	27.97
138	27.97
139	28.24
140	28.06
141	28.06
142	28.06
143	28.06
144	28.15
145	28.15
146	28.15
147	28.24
148	28.24
149	28.15
150	28.15
151	28.24
152	28.24
153	28.24
154	28.33
155	28.24
156	28.33
157	28.24
158	28.33
159	28.33
160	28.33
161	28.42
162	28.42
163	28.42
164	28.42
165	28.52
166	28.52
167	28.61
168	28.42
169	28.61
170	28.52
171	28.52
172	28.70
173	28.61
174	28.52
175	28.61
176	28.70
177	28.61
178	28.61
179	28.70
180	28.70
181	28.70
182	28.70
183	28.70
184	28.79
185	28.79
186	28.79
187	28.79
188	28.88
189	28.88
190	28.88
191	28.97
192	28.97
193	28.88
194	28.88
195	28.97
196	28.97
197	29.07
198	28.97
199	28.97
200	29.07
201	29.16
202	29.07
203	29.25
204	29.16
205	29.16
206	29.16
207	29.16
208	29.16
209	29.16
210	29.16
211	29.25
212	29.53
213	29.25
214	29.25
215	29.25
216	29.34
217	29.25
218	29.25
219	29.25
220	29.34
221	29.34
222	29.43
223	29.43
224	29.34
225	29.34
226	29.43
227	29.53
228	29.43
229	29.43
230	29.62
231	29.53
232	29.62
233	29.62
234	29.62
235	29.62
236	29.62
237	29.53
238	29.62
239	29.62
240	29.80
241	29.71
242	29.71
243	29.71
244	29.80
245	29.80
246	29.71
247	29.71
248	29.80
249	29.80
250	29.80
251	29.80
252	29.80
253	29.80
254	29.90
255	29.80
256	29.99
257	29.90
258	29.99
259	29.99
260	29.90
261	29.99
262	30.08
263	29.99
264	29.99
265	30.08
266	29.99
267	29.99
268	30.08
269	30.08
270	30.08
271	30.17
272	30.08
273	30.08
274	30.17
275	30.17
276	30.17
277	30.08
278	30.36
279	30.27
280	30.27
281	30.27
282	30.27
283	30.36
284	30.36
285	30.45
286	30.36
287	30.36
288	30.36
289	30.27
290	30.45
291	30.55
292	30.36
293	30.36
294	30.45
295	30.55
296	30.45
297	30.55
298	30.45
299	30.64
300	30.45
301	30.64
302	30.64
303	30.64
304	30.64
305	30.64
306	30.73
307	30.64
308	30.64
309	30.73
310	30.73
311	30.73
312	30.64
313	30.73
314	30.73
315	30.73
316	30.83
317	30.73
318	30.73
319	30.92
320	30.83
321	30.92
322	30.83
323	30.92
324	31.01
325	30.83
326	30.83
327	30.92
328	31.01
329	30.92
330	30.92
331	31.01
332	30.92
333	30.92
334	30.92
335	31.01
336	31.01
337	31.01
338	31.01
339	31.01
340	31.01
341	31.11
342	31.20
343	31.39
344	31.20
345	31.20
346	31.11
347	31.20
348	31.11
349	31.20
350	31.11
351	31.20
352	31.20
353	31.30
354	31.30
355	31.30
356	31.20
357	31.30
358	31.30
359	31.30
360	31.30
361	31.48
362	31.39
363	31.67
364	31.30
365	31.39
366	31.39
367	31.48
368	31.39
369	31.39
370	31.48
371	31.48
372	31.58
373	31.48
374	31.58
375	31.58
376	31.58
377	31.48
378	31.58
379	31.48
380	31.67
381	31.58
382	31.67
383	31.67
384	31.58
385	31.67
386	31.67
387	31.58
388	31.67
389	31.67
390	31.58
391	31.67
392	31.67
393	31.77
394	31.86
395	31.67
396	31.77
397	31.77
398	31.77
399	31.77
400	31.77
401	31.86
402	31.86
403	31.86
404	31.77
405	31.86
406	31.77
407	31.86
408	31.86
409	31.96
410	31.96
411	31.96
412	31.96
413	32.05
414	31.96
415	32.05
416	31.96
417	31.96
418	32.05
419	32.05
420	32.05
421	32.05
422	32.05
423	32.05
424	32.05
425	32.15
426	32.15
427	32.15
428	32.15
429	32.15
430	32.15
431	32.24
432	32.15
433	32.24
434	32.15
435	32.05
436	32.15
437	32.05
438	32.05
439	32.15
440	32.15
441	32.15
442	32.24
443	32.15
444	32.24
445	32.24
446	32.24
447	32.24
448	32.24
449	32.24
450	32.34
451	32.43
452	32.24
453	32.34
454	32.34
455	32.34
456	32.34
457	32.43
458	32.34
459	32.43
460	32.43
461	32.34
462	32.43
463	32.53
464	32.53
465	32.43
466	32.43
467	32.43
468	32.53
469	32.43
470	32.53
471	32.62
472	32.53
473	32.53
474	32.53
475	32.62
476	32.62
477	32.62
478	32.62
479	32.72
480	32.62
481	32.72
482	32.72
483	32.53
484	32.72
485	32.62
486	32.72
487	32.72
488	32.72
489	32.72
490	32.72
491	32.72
492	32.72
493	32.72
494	32.72
495	32.72
496	32.81
497	32.81
498	32.81
499	32.72
500	32.72
501	32.81
502	32.91
503	32.91
504	32.81
505	32.81
506	33.01
507	32.91
508	33.01
509	33.01
510	32.91
511	33.01
512	32.91
513	32.91
514	33.01
515	33.01
516	32.91
517	33.01
518	33.20
519	33.01
520	33.01
521	33.01
522	33.20
523	33.01
524	33.01
525	33.01
526	33.01
527	33.01
528	33.20
529	33.20
530	33.01
531	33.20
532	33.10
533	33.10
534	33.10
535	33.20
536	33.20
537	33.20
538	33.20
539	33.20
540	33.20
541	33.39
542	33.20
543	33.20
544	33.20
545	33.30
546	33.59
547	33.20
548	33.20
549	33.20
550	33.39
551	33.30
552	33.20
553	33.39
554	33.20
555	33.30
556	33.39
557	33.39
558	33.39
559	33.39
560	33.30
561	33.30
562	33.39
563	33.30
564	33.39
565	33.39
566	33.39
567	33.39
568	33.39
569	33.49
570	33.39
571	33.39
572	33.59
573	33.49
574	33.49
575	33.68
576	33.59
577	33.68
578	33.59
579	33.59
580	33.68
581	33.49
582	33.49
583	33.49
584	33.49
585	33.59
586	33.59
587	33.88
588	33.59
589	33.68
590	33.59
591	33.68
592	33.68
593	33.68
594	33.68
595	33.68
596	33.68
597	33.68
598	33.68
599	33.78
600	33.68
601	33.78
602	33.68
603	33.68
604	33.78
605	33.68
606	33.68
607	33.68
608	33.78
609	33.78
610	33.68
611	33.78
612	33.78
613	33.88
614	33.78
615	33.78
616	33.78
617	33.78
618	33.88
619	33.88
620	33.88
621	33.88
622	33.88
623	33.88
624	33.78
625	33.88
626	33.88
627	33.97
628	33.88
629	33.88
630	33.88
631	33.97
632	33.97
633	33.88
634	33.97
635	33.97
636	33.97
637	33.97
638	33.88
639	33.97
640	33.97
641	33.97
642	33.97
643	33.97
644	33.97
645	33.97
646	33.97
647	34.07
648	33.97
649	34.17
650	34.17
651	34.07
652	34.07
653	34.07
654	34.27
655	34.17
656	34.17
657	34.07
658	34.36
659	34.17
660	34.07
661	34.07
662	34.17
663	34.17
664	34.17
665	34.17
666	34.17
667	34.17
668	34.17
669	34.17
670	34.17
671	34.17
672	34.17
673	34.27
674	34.27
675	34.27
676	34.27
677	34.17
678	34.17
679	34.27
680	34.27
681	34.27
682	34.27
683	34.27
684	34.36
685	34.27
686	34.36
687	34.36
688	34.46
689	34.27
690	34.27
691	34.27
692	34.36
693	34.36
694	34.36
695	34.36
696	34.46
697	34.56
698	34.46
699	34.66
700	34.36
701	34.36
702	34.36
703	34.36
704	34.46
705	34.46
706	34.46
707	34.36
708	34.56
709	34.56
710	34.46
711	34.56
712	34.56
713	34.46
714	34.46
715	34.46
716	34.56
717	34.66
718	34.56
719	34.85
720	34.46
721	34.46
722	34.66
723	34.66
724	34.56
725	34.46
726	34.56
727	34.56
728	34.56
729	34.66
730	34.56
731	34.56
732	34.66
733	34.76
734	34.66
735	34.66
736	34.56
737	34.85
738	34.76
739	34.56
740	34.66
741	34.56
742	34.66
743	34.66
744	34.56
745	34.76
746	34.56
747	34.66
748	34.56
749	34.66
750	34.66
751	34.66
752	34.76
753	34.66
754	34.76
755	34.76
756	34.76
757	34.66
758	34.85
759	34.76
760	34.76
761	34.85
762	34.76
763	34.76
764	34.76
765	34.85
766	34.76
767	34.85
768	34.76
769	34.76
770	34.76
771	34.76
772	34.85
773	34.76
774	34.85
775	34.85
776	34.76
777	34.76
778	34.76
779	34.76
780	34.66
781	34.56
782	34.66
783	34.76
784	34.76
785	34.76
786	34.76
787	34.85
788	34.85
789	34.85
790	34.76
791	34.76
792	34.85
793	34.95
794	34.85
795	34.85
796	34.85
797	35.05
798	34.95
799	34.95
800	35.05
801	34.95
802	34.95
803	35.05
804	34.95
805	35.05
806	35.05
807	34.95
808	35.15
809	34.95
810	35.05
811	35.05
812	34.95
813	34.95
814	34.95
815	35.15
816	35.05
817	35.05
818	35.05
819	35.05
820	35.05
821	35.05
822	35.05
823	35.05
824	35.15
825	35.05
826	35.05
827	35.05
828	35.15
829	35.05
830	35.15
831	35.05
832	35.15
833	35.05
834	35.05
835	35.05
836	35.15
837	35.05
838	35.25
839	35.15
840	35.45
841	35.15
842	35.15
843	35.15
844	35.25
845	35.15
846	35.25
847	35.25
848	35.25
849	35.25
850	35.35
851	35.25
852	35.25
853	35.25
854	35.25
855	35.25
856	35.35
857	35.25
858	35.35
859	35.25
860	35.35
861	35.35
862	35.25
863	35.45
864	35.35
865	35.25
866	35.35
867	35.45
868	35.35
869	35.45
870	35.35
871	35.45
872	35.35
873	35.35
874	35.35
875	35.35
876	35.25
877	35.35
878	35.35
879	35.35
880	35.35
881	35.45
882	35.35
883	35.35
884	35.45
885	35.35
886	35.55
887	35.45
888	35.45
889	35.35
890	35.45
891	35.45
892	35.45
893	35.45
894	35.45
895	35.55
896	35.55
897	35.55
898	35.55
899	35.65
900	35.45
901	35.45
902	35.45
903	35.45
904	35.55
905	35.45
906	35.55
907	35.45
908	35.45
909	35.65
910	35.55
911	35.55
912	35.45
913	35.45
914	35.55
915	35.55
916	35.55
917	35.55
918	35.55
919	35.75
920	35.55
921	35.75
922	35.55
923	35.55
924	35.55
925	35.65
926	35.55
927	35.65
928	35.55
929	35.65
930	35.75
931	35.65
932	35.65
933	35.55
934	35.65
935	35.55
936	35.75
937	35.65
938	35.55
939	35.55
940	35.55
941	35.55
942	35.65
943	35.55
944	35.65
945	35.75
946	35.55
947	35.75
948	35.55
949	35.65
950	35.65
951	35.65
952	35.85
953	35.65
954	35.65
955	35.55
956	35.65
957	35.65
958	35.75
959	35.75
960	35.65
961	35.75
962	35.75
963	35.65
964	35.65
965	35.75
966	35.75
967	35.85
968	35.65
969	35.75
970	35.75
971	35.75
972	35.65
973	35.75
974	35.75
975	35.85
976	35.75
977	35.85
978	35.75
979	35.85
980	35.75
981	35.75
982	35.75
983	35.75
984	35.75
985	35.75
986	35.75
987	35.95
988	35.95
989	35.75
990	35.75
991	35.75
992	35.85
993	35.85
994	35.85
995	35.85
996	35.85
997	35.75
998	35.75
999	35.85
1000	35.95
1001	35.95
1002	35.75
1003	35.85
1004	35.75
1005	35.95
1006	35.75
1007	35.75
1008	35.85
1009	35.75
1010	35.85
1011	35.85
1012	35.95
1013	35.85
1014	35.95
1015	35.85
1016	35.95
1017	35.85
1018	35.95
1019	35.85
1020	35.85
1021	35.95
1022	35.85
1023	35.95
1024	35.95
1025	35.95
1026	35.95
1027	35.95
1028	35.95
1029	35.95
1030	35.95
1031	35.95
1032	36.05
1033	35.95
1034	35.95
1035	35.95
1036	35.95
1037	36.05
1038	36.05
1039	35.95
1040	36.05
1041	36.05
1042	36.05
1043	35.95
1044	36.05
1045	36.05
1046	36.05
1047	35.95
1048	35.95
1049	35.95
1050	36.15
1051	36.05
1052	35.95
1053	36.05
1054	36.35
1055	36.05
1056	36.05
1057	36.05
1058	36.05
1059	36.05
1060	36.05
1061	36.05
1062	36.05
1063	36.15
1064	36.05
1065	36.25
1066	36.15
1067	36.05
1068	36.15
1069	36.05
1070	36.05
1071	36.15
1072	36.15
1073	36.05
1074	36.15
1075	36.05
1076	36.05
1077	36.05
1078	36.15
1079	36.05
1080	36.15
1081	36.05
1082	36.25
1083	36.05
1084	36.05
1085	36.05
1086	36.05
1087	36.05
1088	36.15
1089	36.15
1090	36.15
1091	36.15
1092	36.15
1093	36.05
1094	36.15
1095	36.15
1096	36.15
1097	36.15
1098	36.15
1099	36.35
1100	36.25
1101	36.15
1102	36.25
1103	36.15
1104	36.15
1105	36.25
1106	36.25
1107	36.15
1108	36.15
1109	36.15
1110	36.25
1111	36.35
1112	36.25
1113	36.35
1114	36.25
1115	36.35
1116	36.25
1117	36.15
1118	36.25
1119	36.35
1120	36.25
1121	36.25
1122	36.45
1123	36.25
1124	36.25
1125	36.25
1126	36.25
1127	36.45
1128	36.35
1129	36.35
1130	36.35
1131	36.45
1132	36.25
1133	36.35
1134	36.25
1135	36.25
1136	36.45
1137	36.35
1138	36.25
1139	36.25
1140	36.35
1141	36.35
1142	36.35
1143	36.35
1144	36.55
1145	36.35
1146	36.35
1147	36.35
1148	36.35
1149	36.35
1150	36.45
1151	36.35
1152	36.45
1153	36.45
1154	36.45
1155	36.35
1156	36.35
1157	36.35
1158	36.55
1159	36.45
1160	36.35
1161	36.45
1162	36.35
1163	36.55
1164	36.35
1165	36.25
1166	36.45
1167	36.45
1168	36.35
1169	36.35
1170	36.35
1171	36.35
1172	36.35
1173	36.35
1174	36.35
1175	36.45
1176	36.45
1177	36.45
1178	36.55
1179	36.45
1180	36.45
1181	36.45
1182	36.35
1183	36.55
1184	36.35
1185	36.55
1186	36.45
1187	36.55
1188	36.45
1189	36.55
1190	36.45
1191	36.35
1192	36.45
1193	36.45
1194	36.45
1195	36.45
1196	36.45
1197	36.55
1198	36.45
1199	36.45
1200	36.45
1201	36.45
1202	36.45
1203	36.55
1204	36.55
1205	36.45
1206	36.45
1207	36.85
1208	36.55
1209	36.45
1210	36.55
1211	36.55
1212	36.55
1213	36.55
1214	36.55
1215	36.55
1216	36.55
1217	36.65
1218	36.65
1219	36.45
1220	36.45
1221	36.55
1222	36.55
1223	36.75
1224	36.75
1225	36.55
1226	36.65
1227	36.55
1228	36.85
1229	36.55
1230	36.65
1231	36.55
1232	36.65
1233	36.55
1234	36.65
1235	36.55
1236	36.55
1237	36.65
1238	36.55
1239	36.45
1240	36.65
1241	36.75
1242	36.55
1243	36.65
1244	36.55
1245	36.55
1246	36.65
1247	36.65
1248	36.65
1249	36.65
1250	36.55
1251	36.55
1252	36.55
1253	36.65
1254	36.65
1255	36.55
1256	36.65
1257	36.55
1258	36.55
1259	36.55
1260	36.65
1261	36.55
1262	36.55
1263	36.55
1264	36.65
1265	36.55
1266	36.65
1267	36.55
1268	36.45
1269	36.65
1270	36.65
1271	36.55
1272	36.75
1273	36.55
1274	36.65
1275	36.65
1276	36.65
1277	36.65
1278	36.65
1279	36.65
1280	36.65
1281	36.75
1282	36.75
1283	36.65
1284	36.65
1285	36.75
1286	36.55
1287	36.55
1288	36.65
1289	36.65
1290	36.55
1291	36.65
1292	36.65
1293	36.65
1294	36.55
1295	36.65
1296	36.75
1297	36.75
1298	36.75
1299	36.75
1300	36.65
1301	37.06
1302	36.75
1303	36.75
1304	36.75
1305	36.75
1306	36.96
1307	36.65
1308	36.65
1309	36.75
1310	36.65
1311	36.65
1312	36.75
1313	36.65
1314	36.65
1315	36.75
1316	36.65
1317	36.65
1318	36.85
1319	36.75
1320	36.75
1321	36.65
1322	36.85
1323	36.75
1324	36.75
1325	36.65
1326	36.85
1327	36.75
1328	36.85
1329	36.85
1330	36.85
1331	36.85
1332	36.75
1333	36.85
1334	36.75
1335	36.65
1336	36.75
1337	36.75
1338	36.85
1339	36.75
1340	36.75
1341	36.96
1342	36.75
1343	36.75
1344	36.75
1345	36.75
1346	36.85
1347	36.85
1348	36.85
1349	36.75
1350	36.75
1351	36.75
1352	36.65
1353	36.75
1354	36.75
1355	36.75
1356	36.85
1357	36.65
1358	36.75
1359	36.65
1360	36.75
1361	36.75
1362	36.65
1363	36.75
1364	36.75
1365	36.75
1366	36.75
1367	36.85
1368	36.85
1369	36.85
1370	37.06
1371	36.85
1372	36.85
1373	36.85
1374	36.96
1375	36.85
1376	36.75
1377	36.96
1378	36.85
1379	36.85
1380	36.85
1381	36.85
1382	36.85
1383	36.85
1384	36.85
1385	36.85
1386	36.75
1387	36.85
1388	36.85
1389	36.85
1390	36.85
1391	36.85
1392	36.85
1393	36.85
1394	36.85
1395	36.85
1396	36.85
1397	36.96
1398	36.85
1399	36.75
1400	36.96
1401	36.85
1402	36.85
1403	36.75
1404	36.96
1405	36.85
1406	36.85
1407	36.85
1408	36.85
1409	36.75
1410	36.75
1411	36.96
1412	36.96
1413	36.85
1414	36.96
1415	36.96
1416	36.85
1417	36.96
1418	36.96
1419	36.96
1420	36.96
1421	37.06
1422	36.96
1423	36.96
1424	36.85
1425	36.96
1426	36.96
1427	36.85
1428	36.85
1429	36.85
1430	36.96
1431	36.85
1432	36.96
1433	36.85
1434	36.96
1435	36.85
1436	36.85
1437	36.96
1438	36.85
1439	36.96
1440	36.96
1441	36.96
1442	36.85
1443	36.96
1444	36.96
1445	36.96
1446	36.96
1447	36.96
1448	36.96
1449	36.96
1450	36.96
1451	36.96
1452	36.96
1453	36.96
1454	36.96
1455	37.06
1456	37.06
1457	36.96
1458	36.96
1459	36.96
1460	36.96
1461	36.96
1462	37.06
1463	37.06
1464	36.96
1465	36.96
1466	36.96
1467	36.96
1468	36.96
1469	37.06
1470	37.06
1471	36.96
1472	37.26
1473	36.96
1474	37.26
1475	36.96
1476	36.96
1477	37.06
1478	37.16
1479	37.06
1480	37.06
1481	37.06
1482	36.96
1483	36.96
1484	36.96
1485	36.96
1486	36.96
1487	36.96
1488	36.96
1489	37.06
1490	37.06
1491	37.06
1492	37.06
1493	37.16
1494	37.06
1495	37.16
1496	37.06
1497	37.16
1498	37.16
1499	37.06
1500	37.16
1501	37.06
1502	37.06
1503	37.06
1504	36.96
1505	37.06
1506	37.16
1507	37.06
1508	37.26
1509	37.16
1510	37.06
1511	37.16
1512	37.06
1513	37.06
1514	37.16
1515	37.16
1516	37.06
1517	37.06
1518	37.06
1519	37.06
1520	37.06
1521	36.96
1522	37.06
1523	37.06
1524	37.06
1525	37.16
1526	37.16
1527	37.06
1528	37.06
1529	37.26
1530	37.06
1531	37.06
1532	37.26
1533	37.06
1534	37.06
1535	36.96
1536	37.16
1537	37.16
1538	37.16
1539	37.06
1540	37.16
1541	37.16
1542	37.06
1543	37.06
1544	37.06
1545	36.96
1546	36.96
1547	36.85
1548	36.96
1549	36.85
1550	36.85
1551	36.85
1552	36.96
1553	36.96
1554	37.06
1555	36.85
1556	36.96
1557	36.96
1558	37.06
1559	37.06
1560	37.06
1561	37.06
1562	37.06
1563	37.16
1564	37.06
1565	37.06
1566	37.16
1567	37.06
1568	37.16
1569	37.06
1570	37.06
1571	37.06
1572	37.06
1573	37.06
1574	37.16
1575	37.06
1576	37.06
1577	36.96
1578	37.06
1579	37.16
1580	37.26
1581	36.96
1582	37.16
1583	37.16
1584	37.06
1585	37.16
1586	37.06
1587	37.16
1588	37.06
1589	37.16
1590	37.26
1591	37.06
1592	37.26
1593	37.06
1594	37.06
1595	37.16
1596	37.26
1597	37.16
1598	37.16
1599	37.16
1600	37.16
1601	37.06
1602	37.26
1603	37.16
1604	37.16
1605	37.16
1606	37.16
1607	37.06
1608	37.16
1609	37.16
1610	37.16
1611	37.57
1612	37.36
1613	37.06
1614	37.16
1615	37.16
1616	37.26
1617	37.26
1618	37.26
1619	37.26
1620	37.16
1621	37.26
1622	37.16
1623	37.16
1624	37.26
1625	37.26
1626	37.26
1627	37.26
1628	37.16
1629	37.26
1630	37.26
1631	37.16
1632	37.16
1633	37.16
1634	37.16
1635	37.16
1636	37.26
1637	37.16
1638	37.16
1639	37.16
1640	37.26
1641	37.26
1642	37.26
1643	37.26
1644	37.16
1645	37.16
1646	37.26
1647	37.26
1648	37.16
1649	37.16
1650	37.26
1651	37.36
1652	37.16
1653	37.26
1654	37.16
1655	37.26
1656	37.26
1657	37.26
1658	37.16
1659	37.26
1660	37.16
1661	37.47
1662	37.26
1663	37.26
1664	37.36
1665	37.36
1666	37.26
1667	37.36
1668	37.26
1669	37.26
1670	37.16
1671	37.26
1672	37.16
1673	37.26
1674	37.36
1675	37.36
1676	37.26
1677	37.36
1678	37.26
1679	37.36
1680	37.26
1681	37.26
1682	37.26
1683	37.26
1684	37.26
1685	37.36
1686	37.26
1687	37.26
1688	37.26
1689	37.36
1690	37.57
1691	37.36
1692	37.47
1693	37.26
1694	37.36
1695	37.36
1696	37.67
1697	37.36
1698	37.26
1699	37.36
1700	37.26
1701	37.26
1702	37.26
1703	37.26
1704	37.36
1705	37.26
1706	37.36
1707	37.36
1708	37.36
1709	37.36
1710	37.36
1711	37.36
1712	37.26
1713	37.36
1714	37.36
1715	37.47
1716	37.36
1717	37.36
1718	37.77
1719	37.36
1720	37.47
1721	37.47
1722	37.26
1723	37.26
1724	37.36
1725	37.47
1726	37.36
1727	37.36
1728	37.36
1729	37.36
1730	37.26
1731	37.47
1732	37.47
1733	37.36
1734	37.47
1735	37.36
1736	37.36
1737	37.36
1738	37.36
1739	37.36
1740	37.47
1741	37.47
1742	37.26
1743	37.47
1744	37.77
1745	37.47
1746	37.36
1747	37.36
1748	37.57
1749	37.36
1750	37.47
1751	37.57
1752	37.47
1753	37.36
1754	37.57
1755	37.36
1756	37.36
1757	37.36
1758	37.26
1759	37.36
1760	37.36
1761	37.36
1762	37.36
1763	37.36
1764	37.26
1765	37.26
1766	37.57
1767	37.36
1768	37.36
1769	37.36
1770	37.26
1771	37.36
1772	37.36
1773	37.36
1774	37.57
1775	37.47
1776	37.47
1777	37.47
1778	37.26
1779	37.47
1780	37.36
1781	37.36
1782	37.47
1783	37.36
1784	37.36
1785	37.47
1786	37.47
1787	37.36
1788	37.36
1789	37.47
1790	37.26
1791	37.47
1792	37.36
1793	37.47
1794	37.57
1795	37.47
1796	37.47
1797	37.57
1798	37.47
1799	37.47
1800	37.36
1801	37.57
1802	37.47
1803	37.47
1804	37.47
1805	37.57
1806	37.77
1807	37.47
1808	37.47
1809	37.47
1810	37.47
1811	37.47
1812	37.47
1813	37.47
1814	37.57
1815	37.47
1816	37.47
1817	37.67
1818	37.47
1819	37.36
1820	37.47
1821	37.57
1822	37.47
1823	37.47
1824	37.57
1825	37.47
1826	37.57
1827	37.57
1828	37.57
1829	37.57
1830	37.47
1831	37.67
1832	37.57
1833	37.47
1834	37.47
1835	37.77
1836	37.57
1837	37.47
1838	37.47
1839	37.57
1840	37.47
1841	37.57
1842	37.47
1843	37.57
1844	37.57
1845	37.47
1846	37.47
1847	37.47
1848	37.67
1849	37.57
1850	37.57
1851	37.47
1852	37.57
1853	37.67
1854	37.57
1855	37.57
1856	37.57
1857	37.47
1858	37.57
1859	37.57
1860	37.88
1861	37.57
1862	37.67
1863	37.57
1864	37.47
1865	37.77
1866	37.67
1867	37.77
1868	37.57
1869	37.47
1870	37.57
1871	37.47
1872	37.67
1873	37.57
1874	37.67
1875	37.67
1876	37.47
1877	37.57
1878	37.57
1879	37.57
1880	37.67
1881	37.57
1882	37.57
1883	37.47
1884	37.47
1885	37.57
1886	37.57
1887	37.47
1888	37.57
1889	37.67
1890	37.67
1891	37.57
1892	37.57
1893	37.57
1894	37.47
1895	37.57
1896	37.47
1897	37.67
1898	37.47
1899	37.57
1900	37.57
1901	37.47
1902	37.77
1903	37.57
1904	37.47
1905	37.67
1906	37.57
1907	37.57
1908	37.57
1909	37.57
1910	37.57
1911	37.67
1912	37.77
1913	37.67
1914	37.57
1915	37.57
1916	37.67
1917	37.67
1918	37.57
1919	37.57
1920	37.57
1921	37.57
1922	37.67
1923	37.67
1924	37.57
1925	37.67
1926	37.57
1927	37.67
1928	37.77
1929	37.67
1930	37.67
1931	37.57
1932	37.57
1933	37.67
1934	37.67
1935	37.47
1936	37.47
1937	37.57
1938	37.67
1939	37.67
1940	37.57
1941	37.57
1942	37.67
1943	37.57
1944	37.57
1945	37.57
1946	37.57
1947	37.47
1948	37.67
1949	37.57
1950	37.57
1951	37.57
1952	37.57
1953	37.57
1954	37.57
1955	37.88
1956	37.67
1957	37.77
1958	37.88
1959	37.67
1960	37.67
1961	37.67
1962	37.57
1963	37.67
1964	37.67
1965	37.67
1966	37.57
1967	37.67
1968	37.57
1969	37.77
1970	37.47
1971	37.57
1972	37.67
1973	37.67
1974	37.67
1975	37.67
1976	37.67
1977	37.67
1978	37.67
1979	37.67
1980	37.77
1981	37.67
1982	37.67
1983	37.88
1984	37.67
1985	37.77
1986	37.88
1987	37.67
1988	37.57
1989	37.57
1990	37.57
1991	37.67
1992	37.57
1993	37.67
1994	37.67
1995	37.57
1996	37.67
1997	37.67
1998	37.77
1999	37.77
2000	37.67
2001	37.67
2002	37.77
2003	37.67
2004	37.67
2005	37.67
2006	37.67
2007	37.67
2008	37.67
2009	37.77
2010	37.67
2011	37.67
2012	37.77
2013	37.67
2014	37.77
2015	37.67
2016	37.57
2017	37.57
2018	37.67
2019	37.67
2020	37.67
2021	37.67
2022	37.57
2023	37.67
2024	37.57
2025	37.67
2026	37.77
2027	37.67
2028	37.77
2029	37.67
2030	37.67
2031	37.67
2032	37.77
2033	37.67
2034	37.98
2035	37.98
2036	38.08
2037	38.08
2038	38.19
2039	38.29
2040	38.08
2041	38.29
2042	38.19
2043	38.08
2044	38.08
2045	38.19
2046	38.19
2047	38.08
2048	38.19
2049	38.08
2050	38.19
2051	38.19
2052	38.19
2053	38.08
2054	38.08
2055	38.19
2056	38.08
2057	38.08
2058	38.08
2059	38.19
2060	38.08
2061	38.08
2062	38.19
2063	38.19
2064	38.08
2065	38.19
2066	38.19
2067	38.08
2068	38.19
2069	38.19
2070	38.08
2071	38.19
2072	38.40
2073	38.08
2074	38.19
2075	38.19
2076	38.19
2077	38.08
2078	38.19
2079	37.98
2080	38.08
2081	38.08
2082	38.08
2083	38.19
2084	38.19
2085	38.29
2086	38.19
2087	38.19
2088	38.19
2089	38.08
2090	38.08
2091	38.19
2092	38.08
2093	38.19
2094	38.08
2095	38.08
2096	38.08
2097	38.50
2098	38.29
2099	38.19
2100	38.50
2101	38.08
2102	38.08
2103	38.08
2104	38.08
2105	38.19
2106	38.08
2107	38.08
2108	38.29
2109	38.19
2110	38.19
2111	38.08
2112	38.08
2113	38.08
2114	38.08
2115	38.08
2116	38.08
2117	38.08
2118	38.19
2119	38.08
2120	38.50
2121	38.19
2122	38.29
2123	38.19
2124	38.19
2125	38.19
2126	38.19
2127	38.29
2128	38.19
2129	38.19
2130	38.08
2131	38.19
2132	38.19
2133	38.29
2134	38.40
2135	38.50
2136	38.40
2137	38.50
2138	38.40
2139	38.50
2140	38.60
2141	38.50
2142	38.60
2143	38.40
2144	38.50
2145	38.60
2146	38.60
2147	38.50
2148	38.50
2149	38.60
2150	38.50
2151	38.60
2152	38.50
2153	38.60
2154	38.60
2155	38.50
2156	38.50
2157	38.50
2158	38.60
2159	38.50
2160	38.50
2161	38.60
2162	38.71
2163	38.40
2164	38.50
2165	38.40
2166	38.50
2167	38.50
2168	38.50
2169	38.60
2170	38.40
2171	38.60
2172	38.71
2173	38.60
2174	38.50
2175	38.50
2176	38.50
2177	38.60
2178	38.60
2179	38.50
2180	38.50
2181	38.50
2182	38.50
2183	38.60
2184	38.60
2185	38.60
2186	38.50
2187	38.50
2188	38.60
2189	38.71
2190	38.50
2191	38.71
2192	38.40
2193	38.50
2194	38.60
2195	38.50
2196	38.50
2197	38.40
2198	38.50
2199	38.40
2200	38.50
2201	38.50
2202	38.60
2203	38.40
2204	38.50
2205	38.40
2206	38.40
2207	38.50
2208	38.40
2209	38.50
2210	38.40
2211	38.40
2212	38.40
2213	38.40
2214	38.40
2215	38.50
2216	38.40
2217	38.40
2218	38.40
2219	38.50
2220	38.40
2221	38.50
2222	38.29
2223	38.40
2224	38.40
2225	38.50
2226	38.50
2227	38.40
2228	38.40
2229	38.40
2230	38.40
2231	38.40
2232	38.50
2233	38.40
2234	38.40
2235	38.40
2236	38.50
2237	38.29
2238	38.29
2239	38.40
2240	38.29
2241	38.29
2242	38.29
2243	38.40
2244	38.29
2245	38.40
2246	38.29
2247	38.29
2248	38.40
2249	38.40
2250	38.40
2251	38.29
2252	38.40
2253	38.50
2254	38.29
2255	38.40
2256	38.50
2257	38.29
2258	38.29
2259	38.50
2260	38.40
2261	38.29
2262	38.19
2263	38.19
2264	38.29
2265	38.19
2266	38.19
2267	38.40
2268	38.19
2269	38.29
2270	38.40
2271	38.29
2272	38.40
2273	38.29
2274	38.29
2275	38.29
2276	38.19
2277	38.29
2278	38.40
2279	38.29
2280	38.29
2281	38.29
2282	38.40
2283	38.29
2284	38.29
2285	38.40
2286	38.29
2287	38.29
2288	38.71
2289	38.40
2290	38.29
2291	38.40
2292	38.29
2293	38.29
2294	38.40
2295	38.29
2296	38.29
2297	38.29
2298	38.29
2299	38.29
2300	38.19
2301	38.19
2302	38.19
2303	38.29
2304	38.19
2305	38.29
2306	38.40
2307	38.29
2308	38.29
2309	38.29
2310	38.29
2311	38.40
2312	38.29
2313	38.40
2314	38.60
2315	38.29
2316	38.29
2317	38.29
2318	38.40
2319	38.29
2320	38.40
2321	38.40
2322	38.29
2323	38.29
2324	38.40
2325	38.40
2326	38.29
2327	38.40
2328	38.40
2329	38.29
2330	38.40
2331	38.50
2332	38.40
2333	38.29
2334	38.29
2335	38.29
2336	38.50
2337	38.29
2338	38.40
2339	38.40
2340	38.60
2341	38.29
2342	38.40
2343	38.40
2344	38.29
2345	38.19
2346	38.29
2347	38.29
2348	38.40
2349	38.29
2350	38.40
2351	38.29
2352	38.29
2353	38.29
2354	38.40
2355	38.50
2356	38.40
2357	38.29
2358	38.29
2359	38.40
2360	38.40
2361	38.40
2362	38.71
2363	38.29
2364	38.40
2365	38.29
2366	38.29
2367	38.29
2368	38.40
2369	38.29
2370	38.29
2371	38.29
2372	38.29
2373	38.29
2374	38.40
2375	38.29
2376	38.29
2377	38.29
2378	38.29
2379	38.40
2380	38.29
2381	38.29
2382	38.29
2383	38.29
2384	38.29
2385	38.40
2386	38.29
2387	38.29
2388	38.40
2389	38.40
2390	38.40
2391	38.19
2392	38.29
2393	38.29
2394	38.29
2395	38.19
2396	38.29
2397	38.19
2398	38.40
2399	38.29
2400	38.19
2401	38.29
2402	38.29
2403	38.19
2404	38.29
2405	38.40
2406	38.29
2407	38.40
2408	38.29
2409	38.29
2410	38.29
2411	38.19
2412	38.29
2413	38.29
2414	38.40
2415	38.50
2416	38.19
2417	38.19
2418	38.40
2419	38.29
2420	38.29
2421	38.29
2422	38.29
2423	38.29
2424	38.40
2425	38.29
2426	38.29
2427	38.40
2428	38.40
2429	38.29
2430	38.19
2431	38.19
2432	38.29
2433	38.40
2434	38.19
2435	38.19
2436	38.29
2437	38.19
2438	38.29
2439	38.29
2440	38.19
2441	38.19
2442	38.19
2443	38.08
2444	38.50
2445	38.08
2446	38.08
2447	38.19
2448	38.19
2449	38.19
2450	38.19
2451	38.29
2452	38.19
2453	38.40
2454	38.19
2455	38.19
2456	38.29
2457	38.29
2458	38.29
2459	38.29
2460	38.19
2461	38.19
2462	38.19
2463	38.40
2464	38.19
2465	38.29
2466	38.19
2467	38.19
2468	38.29
2469	38.19
2470	38.40
2471	38.19
2472	38.19
2473	38.29
2474	38.19
2475	38.19
2476	38.19
2477	38.08
2478	38.19
2479	38.29
2480	38.29
2481	38.08
2482	38.08
2483	38.19
2484	38.29
2485	38.08
2486	38.19
2487	38.19
2488	38.29
2489	38.19
2490	38.19
2491	38.08
2492	38.08
2493	38.08
2494	37.98
2495	38.08
2496	38.08
2497	38.08
2498	38.19
2499	38.50
2500	38.08
2501	38.08
2502	38.19
2503	38.08
2504	38.19
2505	38.29
2506	38.08
2507	38.19
2508	38.08
2509	38.19
2510	38.19
2511	38.08
2512	38.19
2513	38.19
2514	38.19
2515	38.19
2516	38.19
2517	38.19
2518	38.29
2519	38.29
2520	38.19
2521	38.60
2522	38.29
2523	38.29
2524	38.19
2525	38.29
2526	38.19
2527	38.19
2528	38.19
2529	38.29
2530	38.19
2531	38.19
2532	38.50
2533	38.29
2534	38.19
2535	38.19
2536	38.08
2537	38.08
2538	38.19
2539	38.19
2540	38.19
2541	38.19
2542	38.19
2543	38.19
2544	38.29
2545	38.19
2546	38.40
2547	38.19
2548	38.19
2549	38.40
2550	38.29
2551	38.19
2552	38.19
2553	38.19
2554	38.29
2555	38.29
2556	38.19
2557	38.19
2558	38.19
2559	38.19
2560	38.29
2561	38.29
2562	38.40
2563	38.19
2564	38.29
2565	38.29
2566	38.29
2567	38.19
2568	38.29
2569	38.08
2570	38.19
2571	38.60
2572	38.19
2573	38.19
2574	38.19
2575	38.08
2576	38.19
2577	38.19
2578	38.29
2579	38.19
2580	38.08
2581	38.29
2582	38.08
2583	38.19
2584	38.19
2585	38.19
2586	38.29
2587	38.29
2588	38.19
2589	38.19
2590	38.29
2591	38.29
2592	38.19
2593	38.08
2594	38.29
2595	38.08
2596	38.19
2597	38.29
2598	38.19
2599	38.19
2600	38.19
2601	38.29
2602	38.19
2603	38.19
2604	38.29
2605	38.29
2606	38.19
2607	38.29
2608	38.50
2609	38.19
2610	38.19
2611	38.19
2612	38.29
2613	38.19
2614	38.29
2615	38.29
2616	38.19
2617	38.29
2618	38.19
2619	38.29
2620	38.29
2621	38.40
2622	38.19
2623	38.29
2624	38.19
2625	38.29
2626	38.29
2627	38.50
2628	38.29
2629	38.29
2630	38.19
2631	38.19
2632	38.19
2633	38.29
2634	38.19
2635	38.29
2636	38.29
2637	38.29
2638	38.19
2639	38.29
2640	38.29
2641	38.29
2642	38.29
2643	38.19
2644	38.40
2645	38.19
2646	38.19
2647	38.29
2648	38.29
2649	38.40
2650	38.29
2651	38.40
2652	38.50
2653	38.19
2654	38.40
2655	38.29
2656	38.19
2657	38.29
2658	38.50
2659	38.29
2660	38.29
2661	38.29
2662	38.29
2663	38.19
2664	38.19
2665	38.29
2666	38.19
2667	38.29
2668	38.29
2669	38.40
2670	38.29
2671	38.29
2672	38.29
2673	38.29
2674	38.40
2675	38.29
2676	38.40
2677	38.50
2678	38.29
2679	38.29
2680	38.40
2681	38.29
2682	38.40
2683	38.40
2684	38.29
2685	38.40
2686	38.40
2687	38.29
2688	38.29
2689	38.29
2690	38.19
2691	38.19
2692	38.29
2693	38.40
2694	38.19
2695	38.29
2696	38.19
2697	38.19
2698	38.08
2699	37.98
2700	38.08
2701	37.98
2702	38.19
2703	38.19
2704	38.19
2705	38.19
2706	38.19
2707	38.19
2708	38.19
2709	38.19
2710	38.40
2711	38.29
2712	38.19
2713	38.29
2714	38.29
2715	38.29
2716	38.29
2717	38.19
2718	38.19
2719	38.19
2720	38.19
2721	38.19
2722	38.29
2723	38.19
2724	38.29
2725	38.19
2726	38.29
2727	38.29
2728	38.29
2729	38.19
2730	38.29
2731	38.40
2732	38.29
2733	38.29
2734	38.19
2735	38.29
2736	38.19
2737	38.40
2738	38.29
2739	38.29
2740	38.29
2741	38.29
2742	38.29
2743	38.29
2744	38.19
2745	38.50
2746	38.29
2747	38.29
2748	38.40
2749	38.19
2750	38.29
2751	38.19
2752	38.29
2753	38.40
2754	38.19
2755	38.29
2756	38.29
2757	38.19
2758	38.29
2759	38.29
2760	38.19
2761	38.19
2762	38.19
2763	38.29
2764	38.08
2765	38.29
2766	38.19
2767	38.29
2768	38.19
2769	38.19
2770	38.19
2771	38.29
2772	38.29
2773	38.29
2774	38.40
2775	38.19
2776	38.19
2777	38.29
2778	38.29
2779	38.50
2780	38.29
2781	38.40
2782	38.40
2783	38.19
2784	38.19
2785	38.29
2786	38.29
2787	38.29
2788	38.19
2789	38.29
2790	38.29
2791	38.19
2792	38.19
2793	38.08
2794	38.19
2795	38.08
2796	38.08
2797	38.19
2798	38.19
2799	38.19
2800	38.29
2801	38.29
2802	38.40
2803	38.40
2804	38.29
2805	38.29
2806	38.29
2807	38.29
2808	38.29
2809	38.19
2810	38.29
2811	38.19
2812	38.19
2813	38.19
2814	38.29
2815	38.19
2816	38.29
2817	38.29
2818	38.19
2819	38.19
2820	38.29
2821	38.29
2822	38.60
2823	38.29
2824	38.19
2825	38.19
2826	38.19
2827	38.40
2828	38.40
2829	38.19
2830	38.29
2831	38.19
2832	38.29
2833	38.19
2834	38.19
2835	38.19
2836	38.40
2837	38.29
2838	38.40
2839	38.29
2840	38.29
2841	38.29
2842	38.50
2843	38.29
2844	38.29
2845	38.29
2846	38.29
2847	38.40
2848	38.29
2849	38.29
2850	38.19
2851	38.29
2852	38.29
2853	38.19
2854	38.19
2855	38.29
2856	38.29
2857	38.29
2858	38.29
2859	38.29
2860	38.29
2861	38.29
2862	38.29
2863	38.40
2864	38.29
2865	38.40
2866	38.40
2867	38.19
2868	38.29
2869	38.40
2870	38.29
2871	38.40
2872	38.29
2873	38.19
2874	38.29
2875	38.19
2876	38.29
2877	38.29
2878	38.40
2879	38.29
2880	38.29
2881	38.19
2882	38.29
2883	38.29
2884	38.19
2885	38.29
2886	38.29
2887	38.29
2888	38.29
2889	38.29
2890	38.29
2891	38.29
2892	38.29
2893	38.40
2894	38.40
2895	38.29
2896	38.29
2897	38.19
2898	38.60
2899	38.29
2900	38.29
2901	38.29
2902	38.29
2903	38.29
2904	38.40
2905	38.29
2906	38.19
2907	38.40
2908	38.19
2909	38.29
2910	38.40
2911	38.29
2912	38.19
2913	38.19
2914	38.29
2915	38.29
2916	38.29
2917	38.40
2918	38.40
2919	38.40
2920	38.40
2921	38.40
2922	38.40
2923	38.40
2924	38.40
2925	38.29
2926	38.50
2927	38.40
2928	38.29
2929	38.40
2930	38.40
2931	38.29
2932	38.50
2933	38.29
2934	38.29
2935	38.19
2936	38.19
2937	38.19
2938	38.19
2939	38.19
2940	38.40
2941	38.19
2942	38.29
2943	38.29
2944	38.29
2945	38.29
2946	38.40
2947	38.29
2948	38.40
2949	38.29
2950	38.29
2951	38.29
2952	38.29
2953	38.40
2954	38.40
2955	38.40
2956	38.29
2957	38.40
2958	38.40
2959	38.29
2960	38.40
2961	38.50
2962	38.29
2963	38.40
2964	38.29
2965	38.29
2966	38.40
2967	38.29
2968	38.40
2969	38.29
2970	38.29
2971	38.40
2972	38.29
2973	38.19
2974	38.29
2975	38.40
2976	38.40
2977	38.29
2978	38.29
2979	38.29
2980	38.29
2981	38.29
2982	38.40
2983	38.40
2984	38.29
2985	38.29
2986	38.40
2987	38.40
2988	38.40
2989	38.29
2990	38.40
2991	38.71
2992	38.40
2993	38.40
2994	38.40
2995	38.29
2996	38.29
2997	38.29
2998	38.29
2999	38.40
3000	38.40
3001	38.29
3002	38.29
3003	38.40
3004	38.19
3005	38.71
3006	38.40
3007	38.40
3008	38.29
3009	38.40
3010	38.29
3011	38.29
3012	38.29
3013	38.29
3014	38.29
3015	38.50
3016	38.40
3017	38.29
3018	38.40
3019	38.50
3020	38.40
3021	38.29
3022	38.50
3023	38.40
3024	38.40
3025	38.40
3026	38.29
3027	38.40
3028	38.29
3029	38.60
3030	38.40
3031	38.40
3032	38.60
3033	38.40
3034	38.29
3035	38.29
3036	38.40
3037	38.40
3038	38.29
3039	38.50
3040	38.29
3041	38.40
3042	38.40
3043	38.40
3044	38.29
3045	38.40
3046	38.29
3047	38.40
3048	38.40
3049	38.50
3050	38.60
3051	38.40
3052	38.29
3053	38.40
3054	38.40
3055	38.40
3056	38.40
3057	38.29
3058	38.40
3059	38.29
3060	38.40
3061	38.29
3062	38.40
3063	38.40
3064	38.40
3065	38.50
3066	38.40
3067	38.40
3068	38.50
3069	38.29
3070	38.40
3071	38.40
3072	38.29
3073	38.29
3074	38.50
3075	38.50
3076	38.29
3077	38.40
3078	38.60
3079	38.50
3080	38.50
3081	38.40
3082	38.29
3083	38.29
3084	38.40
3085	38.40
3086	38.50
3087	38.29
3088	38.50
3089	38.40
3090	38.40
3091	38.29
3092	38.29
3093	38.50
3094	38.29
3095	38.40
3096	38.29
3097	38.29
3098	38.40
3099	38.50
3100	38.40
3101	38.40
3102	38.40
3103	38.29
3104	38.50
3105	38.40
3106	38.40
3107	38.60
3108	38.29
3109	38.50
3110	38.40
3111	38.29
3112	38.40
3113	38.40
3114	38.40
3115	38.50
3116	38.40
3117	38.29
3118	38.40
3119	38.50
3120	38.50
3121	38.29
3122	38.40
3123	38.40
3124	38.40
3125	38.50
3126	38.40
3127	38.50
3128	38.40
3129	38.40
3130	38.29
3131	38.40
3132	38.60
3133	38.40
3134	38.40
3135	38.50
3136	38.50
3137	38.50
3138	38.50
3139	38.50
3140	38.40
3141	38.50
3142	38.50
3143	38.40
3144	38.29
3145	38.40
3146	38.50
3147	38.40
3148	38.50
3149	38.50
3150	38.40
3151	38.50
3152	38.50
3153	38.50
3154	38.50
3155	38.40
3156	38.40
3157	38.40
3158	38.40
3159	38.40
3160	38.50
3161	38.40
3162	38.40
3163	38.40
3164	38.40
3165	38.50
3166	38.50
3167	38.40
3168	38.50
3169	38.40
3170	38.40
3171	38.50
3172	38.60
3173	38.40
3174	38.50
3175	38.40
3176	38.50
3177	38.60
3178	38.40
3179	38.50
3180	38.50
3181	38.40
3182	38.50
3183	38.60
3184	38.40
3185	38.71
3186	38.40
3187	38.50
3188	38.60
3189	38.40
3190	38.40
3191	38.40
3192	38.50
3193	38.50
3194	38.50
3195	38.50
3196	38.50
3197	38.50
3198	38.50
3199	38.50
3200	38.50
3201	38.50
3202	38.40
3203	38.50
3204	38.40
3205	38.40
3206	38.40
3207	38.50
3208	38.60
3209	38.40
3210	38.50
3211	38.60
3212	38.40
3213	38.50
3214	38.40
3215	38.50
3216	38.40
3217	38.50
3218	38.50
3219	38.40
3220	38.60
3221	38.50
3222	38.40
3223	38.40
3224	38.40
3225	38.50
3226	38.50
3227	38.40
3228	38.40
3229	38.50
3230	38.50
3231	38.50
3232	38.60
3233	38.60
3234	38.40
3235	38.50
3236	38.40
3237	38.50
3238	38.50
3239	38.40
3240	38.81
3241	38.50
3242	38.50
3243	38.50
3244	38.60
3245	38.60
3246	38.50
3247	38.50
3248	38.50
3249	38.50
3250	38.40
3251	38.60
3252	38.60
3253	38.50
3254	38.60
3255	38.50
3256	38.60
3257	38.60
3258	38.60
3259	38.71
3260	38.71
3261	38.50
3262	38.60
3263	38.50
3264	38.50
3265	38.50
3266	38.60
3267	38.50
3268	38.50
3269	38.60
3270	38.50
3271	38.50
3272	38.50
3273	38.50
3274	38.40
3275	38.50
3276	38.50
3277	38.60
3278	38.50
3279	38.40
3280	38.50
3281	38.60
3282	38.40
3283	38.71
3284	38.60
3285	38.50
3286	38.50
3287	38.60
3288	38.50
3289	38.60
3290	38.60
3291	38.60
3292	38.50
3293	38.50
3294	38.50
3295	38.50
3296	38.50
3297	38.50
3298	38.60
3299	38.50
3300	38.50
3301	38.60
3302	38.71
3303	38.50
3304	38.60
3305	38.92
3306	38.50
3307	38.50
3308	38.60
3309	38.92
3310	38.60
3311	38.50
3312	38.50
3313	38.60
3314	38.60
3315	38.40
3316	38.50
3317	38.50
3318	38.60
3319	38.40
3320	38.50
3321	38.50
3322	38.40
3323	38.50
3324	38.92
3325	38.50
3326	38.60
3327	38.50
3328	38.81
3329	38.40
3330	38.50
3331	38.81
3332	38.50
3333	38.50
3334	38.50
3335	38.60
3336	38.60
3337	38.50
3338	38.92
3339	38.60
3340	38.50
3341	38.50
3342	38.50
3343	38.50
3344	38.50
3345	38.50
3346	38.50
3347	38.50
3348	38.60
3349	38.50
3350	38.50
3351	38.60
3352	38.50
3353	38.60
3354	38.60
3355	38.60
3356	38.40
3357	38.40
3358	38.40
3359	38.60
3360	38.50
3361	38.50
3362	38.50
3363	38.50
3364	38.50
3365	38.50
3366	38.60
3367	38.50
3368	38.50
3369	38.50
3370	38.60
3371	38.50
3372	38.60
3373	38.50
3374	38.50
3375	38.50
3376	38.50
3377	38.71
3378	38.50
3379	38.50
3380	38.60
3381	38.50
3382	38.60
3383	38.50
3384	38.50
3385	38.60
3386	38.60
3387	38.50
3388	38.50
3389	38.50
3390	38.50
3391	38.60
3392	38.81
3393	38.40
3394	38.60
3395	38.50
3396	38.50
3397	38.50
3398	38.60
3399	38.60
3400	38.50
3401	38.50
3402	38.50
3403	38.50
3404	38.81
3405	38.60
3406	38.60
3407	38.40
3408	38.50
3409	38.60
3410	38.50
3411	38.40
3412	38.50
3413	38.60
3414	38.81
3415	38.50
3416	38.71
3417	38.50
3418	38.60
3419	38.60
3420	38.71
3421	38.71
3422	38.60
3423	38.50
3424	38.60
3425	38.50
3426	38.50
3427	38.50
3428	38.60
3429	38.60
3430	38.50
3431	38.50
3432	38.50
3433	38.60
3434	38.71
3435	38.71
3436	38.60
3437	38.60
3438	38.60
3439	38.50
3440	38.50
3441	38.60
3442	38.60
3443	38.50
3444	38.60
3445	38.71
3446	38.60
3447	38.71
3448	38.60
3449	38.92
3450	38.60
3451	38.60
3452	38.60
3453	38.60
3454	38.71
3455	38.60
3456	38.60
3457	38.60
3458	38.60
3459	38.60
3460	38.71
3461	38.50
3462	38.60
3463	38.50
3464	38.60
3465	38.60
3466	38.50
3467	38.50
3468	38.50
3469	38.60
3470	38.60
3471	38.60
3472	38.60
3473	38.60
3474	38.50
3475	38.60
3476	38.50
3477	38.60
3478	38.50
3479	38.60
3480	38.50
3481	38.60
3482	38.50
3483	38.60
3484	38.60
3485	38.60
3486	38.60
3487	38.50
3488	38.50
3489	38.60
3490	38.60
3491	38.50
3492	38.71
3493	38.50
3494	38.50
3495	38.81
3496	38.50
3497	38.60
3498	38.60
3499	38.60
3500	38.50
3501	38.60
3502	38.60
3503	38.60
3504	38.50
3505	38.40
3506	38.50
3507	38.60
3508	38.92
3509	38.50
3510	38.50
3511	38.60
3512	38.50
3513	38.50
3514	38.60
3515	38.60
3516	38.60
3517	38.50
3518	38.60
3519	38.50
3520	38.50
3521	38.81
3522	38.60
3523	38.60
3524	38.60
3525	38.60
3526	38.71
3527	38.60
3528	38.50
3529	38.60
3530	38.50
3531	38.60
3532	38.50
3533	38.50
3534	38.50
3535	38.60
3536	38.50
3537	38.60
3538	38.50
3539	38.71
3540	38.60
3541	38.60
3542	38.60
3543	38.60
3544	38.50
3545	38.60
3546	38.60
3547	38.60
3548	38.60
3549	38.50
3550	38.50
3551	38.60
3552	38.50
3553	38.60
3554	38.50
3555	38.60
3556	38.60
3557	38.60
3558	38.71
3559	38.50
3560	38.50
3561	38.50
3562	38.50
3563	38.50
3564	38.60
3565	38.60
3566	38.60
3567	38.50
3568	38.60
3569	38.60
3570	38.50
3571	38.50
3572	38.71
3573	38.60
3574	38.60
3575	38.50
3576	38.92
3577	38.60
3578	38.60
3579	38.60
3580	38.50
3581	38.50
3582	38.71
3583	38.60
3584	38.60
3585	38.60
3586	38.50
3587	38.60
3588	38.60
3589	38.60
3590	38.50
3591	38.50
3592	38.60
3593	38.60
3594	38.60
3595	38.60
3596	38.50
3597	38.60
3598	38.50
3599	38.60
3600	39.13
3601	37.98
3602	37.88
3603	37.88
3604	37.88
3605	37.88
3606	37.98
3607	37.88
3608	37.98
3609	37.88
3610	37.98
3611	37.88
3612	37.98
3613	37.88
3614	37.77
3615	37.88
3616	37.77
3617	37.88
3618	37.77
3619	37.88
3620	37.77
3621	37.77
3622	37.88
3623	37.77
3624	37.77
3625	37.77
3626	37.77
3627	37.67
3628	37.77
3629	37.67
3630	37.67
3631	37.57
3632	37.57
3633	37.67
3634	37.57
3635	37.57
3636	37.57
3637	37.57
3638	37.47
3639	37.47
3640	37.57
3641	37.57
3642	37.47
3643	37.47
3644	37.47
3645	37.36
3646	37.36
3647	37.36
3648	37.36
3649	37.36
3650	37.36
3651	37.36
3652	37.36
3653	37.26
3654	37.36
3655	37.16
3656	37.16
3657	37.16
3658	37.06
3659	37.06
3660	37.06
3661	37.06
3662	37.06
3663	37.06
3664	37.06
3665	37.06
3666	36.96
3667	36.96
3668	36.96
3669	36.96
3670	36.85
3671	36.85
3672	36.85
3673	36.96
3674	36.85
3675	36.85
3676	36.85
3677	36.75
3678	36.75
3679	36.75
3680	36.75
3681	36.65
3682	36.65
3683	36.55
3684	36.65
3685	36.55
3686	36.65
3687	36.55
3688	36.65
3689	36.55
3690	36.55
3691	36.55
3692	36.45
3693	36.55
3694	36.45
3695	36.45
3696	36.45
3697	36.45
3698	36.35
3699	36.45
3700	36.35
3701	36.35
3702	36.45
3703	36.35
3704	36.35
3705	36.25
3706	36.35
3707	36.25
3708	36.25
3709	36.25
3710	36.15
3711	36.25
3712	36.25
3713	36.15
3714	36.15
3715	36.15
3716	36.05
3717	36.15
3718	36.15
3719	36.15
3720	36.05
3721	36.05
3722	35.95
3723	35.95
3724	35.95
3725	35.95
3726	35.95
3727	35.95
3728	35.95
3729	35.95
3730	35.85
3731	35.85
3732	35.85
3733	35.85
3734	35.85
3735	35.75
3736	35.75
3737	35.75
3738	35.75
3739	35.65
3740	35.65
3741	35.65
3742	35.65
3743	35.65
3744	35.65
3745	35.65
3746	35.65
3747	35.65
3748	35.55
3749	35.55
3750	35.55
3751	35.55
3752	35.55
3753	35.45
3754	35.45
3755	35.55
3756	35.55
3757	35.55
3758	35.45
3759	35.45
3760	35.45
3761	35.45
3762	35.35
3763	35.35
3764	35.45
3765	35.45
3766	35.35
3767	35.35
3768	35.35
3769	35.25
3770	35.35
3771	35.35
3772	35.25
3773	35.25
3774	35.25
3775	35.15
3776	35.25
3777	35.15
3778	35.15
3779	35.15
3780	35.05
3781	35.15
3782	35.05
3783	35.15
3784	35.05
3785	35.05
3786	35.05
3787	35.05
3788	34.95
3789	35.05
3790	34.95
3791	34.95
3792	34.95
3793	34.95
3794	34.95
3795	34.95
3796	34.95
3797	34.95
3798	34.95
3799	34.85
3800	34.85
3801	34.85
3802	34.76
3803	34.76
3804	34.76
3805	34.66
3806	34.76
3807	34.76
3808	34.66
3809	34.76
3810	34.66
3811	34.66
3812	34.66
3813	34.66
3814	34.66
3815	34.56
3816	34.56
3817	34.66
3818	34.56
3819	34.56
3820	34.56
3821	34.56
3822	34.46
3823	34.56
3824	34.56
3825	34.46
3826	34.46
3827	34.46
3828	34.46
3829	34.46
3830	34.36
3831	34.36
3832	34.36
3833	34.36
3834	34.36
3835	34.27
3836	34.36
3837	34.36
3838	34.36
3839	34.36
3840	34.36
3841	34.17
3842	34.17
3843	34.17
3844	34.17
3845	34.17
3846	34.17
3847	34.07
3848	34.07
3849	34.07
3850	34.07
3851	34.07
3852	34.07
3853	33.88
3854	33.78
3855	33.78
3856	33.78
3857	33.78
3858	33.78
3859	33.78
3860	33.78
3861	33.68
3862	33.78
3863	33.78
3864	33.68
3865	33.78
3866	33.78
3867	33.78
3868	33.78
3869	33.78
3870	33.78
3871	33.78
3872	33.68
3873	33.78
3874	33.78
3875	33.78
3876	33.68
3877	33.68
3878	33.78
3879	33.68
3880	33.68
3881	33.68
3882	33.59
3883	33.59
3884	33.68
3885	33.59
3886	33.59
3887	33.59
3888	33.59
3889	33.59
3890	33.49
3891	33.49
3892	33.49
3893	33.49
3894	33.49
3895	33.39
3896	33.49
3897	33.39
3898	33.39
3899	33.39
3900	33.39
3901	33.39
3902	33.39
3903	33.30
3904	33.39
3905	33.30
3906	33.30
3907	33.30
3908	33.30
3909	33.30
3910	33.30
3911	33.30
3912	33.20
3913	33.20
3914	33.20
3915	33.20
3916	33.20
3917	33.20
3918	33.20
3919	33.20
3920	33.10
3921	33.20
3922	33.10
3923	33.10
3924	33.10
3925	33.10
3926	33.10
3927	33.10
3928	33.10
3929	33.01
3930	33.01
3931	33.01
3932	33.01
3933	33.01
3934	32.91
3935	32.91
3936	33.01
3937	33.01
3938	32.91
3939	32.91
3940	32.91
3941	32.91
3942	32.81
3943	32.91
3944	32.91
3945	32.81
3946	32.81
3947	32.81
3948	32.81
3949	32.81
3950	32.72
3951	32.81
3952	32.81
3953	32.81
3954	32.81
3955	32.81
3956	32.72
3957	32.72
3958	32.72
3959	32.72
3960	32.72
3961	32.72
3962	32.72
3963	32.62
3964	32.62
3965	32.62
3966	32.53
3967	32.53
3968	32.53
3969	32.53
3970	32.53
3971	32.53
3972	32.53
3973	32.53
3974	32.62
3975	32.62
3976	32.62
3977	32.53
3978	32.43
3979	32.43
3980	32.43
3981	32.53
3982	32.43
3983	32.43
3984	32.43
3985	32.34
3986	32.34
3987	32.43
3988	32.34
3989	32.43
3990	32.43
3991	32.34
3992	32.34
3993	32.34
3994	32.34
3995	32.34
3996	32.24
3997	32.24
3998	32.24
3999	32.24
4000	32.34
4001	32.34
4002	32.24
4003	32.24
4004	32.24
4005	32.24
4006	32.24
4007	32.24
4008	32.15
4009	32.24
4010	32.24
4011	32.15
4012	32.15
4013	32.15
4014	32.24
4015	32.15
4016	32.15
4017	32.24
4018	32.24
4019	32.15
4020	32.15
4021	32.24
4022	32.15
4023	32.15
4024	32.15
4025	32.15
4026	32.15
4027	32.15
4028	32.05
4029	32.05
4030	32.15
4031	32.05
4032	32.05
4033	32.15
4034	32.05
4035	32.05
4036	32.05
4037	32.05
4038	32.05
4039	31.96
4040	32.05
4041	32.05
4042	31.96
4043	32.05
4044	31.96
4045	31.96
4046	31.96
4047	31.96
4048	31.96
4049	31.96
4050	31.96
4051	31.86
4052	31.96
4053	31.86
4054	31.96
4055	31.86
4056	31.86
4057	31.86
4058	31.86
4059	31.77
4060	31.77
4061	31.77
4062	31.77
4063	31.77
4064	31.77
4065	31.77
4066	31.67
4067	31.67
4068	31.77
4069	31.67
4070	31.77
4071	31.67
4072	31.67
4073	31.77
4074	31.67
4075	31.67
4076	31.67
4077	31.67
4078	31.58
4079	31.67
4080	31.58
4081	31.58
4082	31.48
4083	31.58
4084	31.58
4085	31.48
4086	31.58
4087	31.58
4088	31.48
4089	31.48
4090	31.58
4091	31.48
4092	31.48
4093	31.48
4094	31.58
4095	31.48
4096	31.48
4097	31.39
4098	31.39
4099	31.48
4100	31.48
4101	31.39
4102	31.39
4103	31.39
4104	31.39
4105	31.39
4106	31.39
4107	31.39
4108	31.39
4109	31.39
4110	31.30
4111	31.39
4112	31.30
4113	31.30
4114	31.30
4115	31.20
4116	31.20
4117	31.20
4118	31.20
4119	31.30
4120	31.30
4121	31.30
4122	31.20
4123	31.20
4124	31.20
4125	31.20
4126	31.20
4127	31.11
4128	31.11
4129	31.11
4130	31.20
4131	31.20
4132	31.20
4133	31.20
4134	31.11
4135	31.11
4136	31.11
4137	31.11
4138	31.11
4139	31.11
4140	31.01
4141	31.01
4142	31.01
4143	31.01
4144	31.01
4145	30.92
4146	31.01
4147	30.92
4148	30.92
4149	31.01
4150	30.92
4151	30.92
4152	30.92
4153	30.92
4154	30.92
4155	30.92
4156	30.92
4157	30.92
4158	30.92
4159	30.92
4160	30.83
4161	30.92
4162	30.92
4163	30.92
4164	30.92
4165	30.92
4166	30.92
4167	30.83
4168	30.83
4169	30.83
4170	30.83
4171	30.83
4172	30.83
4173	30.83
4174	30.83
4175	30.73
4176	30.73
4177	30.73
4178	30.73
4179	30.73
4180	30.83
4181	30.83
4182	30.73
4183	30.73
4184	30.73
4185	30.73
4186	30.73
4187	30.64
4188	30.64
4189	30.73
4190	30.73
4191	30.64
4192	30.64
4193	30.64
4194	30.73
4195	30.64
4196	30.64
4197	30.64
4198	30.64
4199	30.64
4200	30.64
4201	30.64
4202	30.55
4203	30.55
4204	30.55
4205	30.55
4206	30.55
4207	30.55
4208	30.45
4209	30.55
4210	30.55
4211	30.45
4212	30.55
4213	30.55
4214	30.45
4215	30.55
4216	30.55
4217	30.45
4218	30.55
4219	30.45
4220	30.45
4221	30.45
4222	30.45
4223	30.45
4224	30.45
4225	30.36
4226	30.45
4227	30.36
4228	30.36
4229	30.45
4230	30.36
4231	30.36
4232	30.45
4233	30.36
4234	30.36
4235	30.27
4236	30.36
4237	30.36
4238	30.27
4239	30.36
4240	30.36
4241	30.27
4242	30.36
4243	30.27
4244	30.36
4245	30.27
4246	30.27
4247	30.36
4248	30.27
4249	30.27
4250	30.17
4251	30.27
4252	30.17
4253	30.27
4254	30.17
4255	30.27
4256	30.17
4257	30.17
4258	30.17
4259	30.17
4260	30.17
4261	30.17
4262	30.17
4263	30.17
4264	30.17
4265	30.17
4266	30.08
4267	30.08
4268	30.08
4269	30.08
4270	30.17
4271	30.08
4272	30.17
4273	30.08
4274	30.08
4275	30.08
4276	29.99
4277	30.08
4278	30.08
4279	30.08
4280	30.08
4281	29.99
4282	30.08
4283	29.99
4284	30.08
4285	30.08
4286	29.99
4287	30.08
4288	29.99
4289	29.99
4290	29.99
4291	29.99
4292	29.99
4293	29.99
4294	29.90
4295	29.99
4296	29.90
4297	29.90
4298	29.99
4299	29.90
4300	29.90
4301	29.90
4302	29.99
4303	29.90
4304	29.90
4305	29.90
4306	29.90
4307	29.90
4308	29.80
4309	29.90
4310	29.90
4311	29.80
4312	29.80
4313	29.90
4314	29.90
4315	29.80
4316	29.80
4317	29.90
4318	29.80
4319	29.80
4320	29.80
4321	29.80
4322	29.80
4323	29.80
4324	29.71
4325	29.80
4326	29.80
4327	29.71
4328	29.71
4329	29.71
4330	29.80
4331	29.80
4332	29.71
4333	29.71
4334	29.71
4335	29.80
4336	29.71
4337	29.71
4338	29.71
4339	29.62
4340	29.71
4341	29.71
4342	29.71
4343	29.62
4344	29.62
4345	29.62
4346	29.62
4347	29.62
4348	29.62
4349	29.62
4350	29.62
4351	29.62
4352	29.53
4353	29.53
4354	29.62
4355	29.62
4356	29.62
4357	29.53
4358	29.53
4359	29.53
4360	29.62
4361	29.62
4362	29.53
4363	29.53
4364	29.53
4365	29.53
4366	29.53
4367	29.53
4368	29.43
4369	29.53
4370	29.53
4371	29.53
4372	29.53
4373	29.53
4374	29.53
4375	29.43
4376	29.43
4377	29.43
4378	29.43
4379	29.43
4380	29.43
4381	29.53
4382	29.53
4383	29.53
4384	29.53
4385	29.53
4386	29.43
4387	29.43
4388	29.43
4389	29.43
4390	29.43
4391	29.43
4392	29.43
4393	29.43
4394	29.43
4395	29.53
4396	29.43
4397	29.43
4398	29.43
4399	29.43
4400	29.43
4401	29.43
4402	29.43
4403	29.43
4404	29.43
4405	29.34
4406	29.34
4407	29.34
4408	29.34
4409	29.34
4410	29.34
4411	29.34
4412	29.34
4413	29.34
4414	29.34
4415	29.34
4416	29.34
4417	29.34
4418	29.34
4419	29.34
4420	29.34
4421	29.34
4422	29.34
4423	29.34
4424	29.34
4425	29.34
4426	29.34
4427	29.34
4428	29.34
4429	29.34
4430	29.25
4431	29.25
4432	29.16
4433	29.25
4434	29.25
4435	29.25
4436	29.25
4437	29.25
4438	29.25
4439	29.16
4440	29.16
4441	29.16
4442	29.25
4443	29.25
4444	29.25
4445	29.16
4446	29.16
4447	29.16
4448	29.16
4449	29.16
4450	29.16
4451	29.07
4452	29.16
4453	29.16
4454	29.16
4455	29.16
4456	29.07
4457	29.07
4458	29.16
4459	29.07
4460	29.07
4461	29.07
4462	29.07
4463	29.07
4464	29.07
4465	28.97
4466	29.07
4467	29.07
4468	29.07
4469	28.97
4470	28.97
4471	29.07
4472	29.07
4473	29.07
4474	28.97
4475	28.97
4476	29.07
4477	29.07
4478	28.97
4479	28.97
4480	28.97
4481	29.07
4482	28.97
4483	28.97
4484	28.97
4485	28.97
4486	28.97
4487	28.97
4488	28.88
4489	28.97
4490	28.97
4491	28.88
4492	28.88
4493	28.97
4494	28.97
4495	28.88
4496	28.88
4497	28.97
4498	28.97
4499	28.88
4500	28.88
4501	28.88
4502	28.88
4503	28.88
4504	28.88
4505	28.97
4506	28.88
4507	28.88
4508	28.88
4509	28.88
4510	28.88
4511	28.88
4512	28.79
4513	28.88
4514	28.88
4515	28.79
4516	28.88
4517	28.79
4518	28.88
4519	28.88
4520	28.79
4521	28.88
4522	28.79
4523	28.88
4524	28.88
4525	28.79
4526	28.88
4527	28.79
4528	28.79
4529	28.79
4530	28.79
4531	28.88
4532	28.79
4533	28.79
4534	28.70
4535	28.79
4536	28.79
4537	28.79
4538	28.79
4539	28.61
4540	28.70
4541	28.61
4542	28.70
4543	28.61
4544	28.70
4545	28.70
4546	28.70
4547	28.70
4548	28.70
4549	28.61
4550	28.70
4551	28.61
4552	28.70
4553	28.61
4554	28.70
4555	28.61
4556	28.70
4557	28.61
4558	28.70
4559	28.61
4560	28.70
4561	28.61
4562	28.70
4563	28.61
4564	28.70
4565	28.61
4566	28.70
4567	28.61
4568	28.70
4569	28.61
4570	28.70
4571	28.61
4572	28.70
4573	28.61
4574	28.70
4575	28.61
4576	28.61
4577	28.61
4578	28.61
4579	28.61
4580	28.52
4581	28.61
4582	28.70
4583	28.61
4584	28.70
4585	28.61
4586	28.61
4587	28.61
4588	28.61
4589	28.61
4590	28.61
4591	28.61
4592	28.52
4593	28.52
4594	28.52
4595	28.61
4596	28.52
4597	28.52
4598	28.52
4599	28.52
4600	28.52
4601	28.52
4602	28.52
4603	28.61
4604	28.52
4605	28.42
4606	28.52
4607	28.42
4608	28.52
4609	28.42
4610	28.52
4611	28.52
4612	28.52
4613	28.52
4614	28.42
4615	28.52
4616	28.42
4617	28.52
4618	28.42
4619	28.52
4620	28.42
4621	28.42
4622	28.52
4623	28.42
4624	28.52
4625	28.42
4626	28.42
4627	28.42
4628	28.42
4629	28.42
4630	28.42
4631	28.33
4632	28.42
4633	28.42
4634	28.33
4635	28.42
4636	28.33
4637	28.42
4638	28.33
4639	28.33
4640	28.42
4641	28.33
4642	28.42
4643	28.33
4644	28.33
4645	28.42
4646	28.33
4647	28.33
4648	28.33
4649	28.33
4650	28.33
4651	28.33
4652	28.33
4653	28.24
4654	28.33
4655	28.33
4656	28.24
4657	28.33
4658	28.33
4659	28.24
4660	28.33
4661	28.33
4662	28.24
4663	28.33
4664	28.33
4665	28.24
4666	28.24
4667	28.33
4668	28.33
4669	28.24
4670	28.24
4671	28.33
4672	28.24
4673	28.24
4674	28.15
4675	28.24
4676	28.24
4677	28.24
4678	28.24
4679	28.24
4680	28.24
4681	28.24
4682	28.24
4683	28.24
4684	28.15
4685	28.24
4686	28.24
4687	28.24
4688	28.15
4689	28.15
4690	28.24
4691	28.24
4692	28.15
4693	28.15
4694	28.15
4695	28.24
4696	28.24
4697	28.15
4698	28.15
4699	28.15
4700	28.15
4701	28.24
4702	28.24
4703	28.15
4704	28.15
4705	28.15
4706	28.24
4707	28.15
4708	28.15
4709	28.15
4710	28.15
4711	28.06
4712	28.15
4713	28.15
4714	28.15
4715	28.15
4716	28.06
4717	28.06
4718	28.15
4719	28.15
4720	28.15
4721	28.15
4722	28.06
4723	28.06
4724	28.15
4725	28.15
4726	28.15
4727	28.06
4728	28.06
4729	28.06
4730	28.15
4731	28.15
4732	28.15
4733	28.06
4734	28.06
4735	28.06
4736	28.06
4737	28.15
4738	28.06
4739	28.06
4740	28.06
4741	28.06
4742	28.06
4743	28.06
4744	28.06
4745	28.06
4746	28.06
4747	28.06
4748	28.06
4749	28.06
4750	27.97
4751	27.97
4752	27.97
4753	28.06
4754	28.06
4755	28.06
4756	28.06
4757	27.97
4758	27.97
4759	27.97
4760	27.97
4761	27.97
4762	27.97
4763	27.97
4764	27.97
4765	27.97
4766	28.06
4767	28.06
4768	27.97
4769	27.97
4770	27.97
4771	27.97
4772	27.97
4773	27.97
4774	27.97
4775	27.97
4776	27.97
4777	27.97
4778	27.88
4779	27.88
4780	27.88
4781	27.88
4782	27.88
4783	27.88
4784	27.88
4785	27.88
4786	27.88
4787	27.97
4788	27.97
4789	27.97
4790	27.97
4791	27.97
4792	27.97
4793	27.97
4794	27.97
4795	27.97
4796	27.97
4797	27.97
4798	27.88
4799	27.97
4800	27.97
4801	27.88
4802	27.88
4803	27.88
4804	27.88
4805	27.88
4806	27.88
4807	27.88
4808	27.88
4809	27.88
4810	27.88
4811	27.88
4812	27.88
4813	27.88
4814	27.79
4815	27.79
4816	27.79
4817	27.79
4818	27.79
4819	27.79
4820	27.79
4821	27.79
4822	27.79
4823	27.88
4824	27.79
4825	27.79
4826	27.79
4827	27.79
4828	27.79
4829	27.88
4830	27.88
4831	27.88
4832	27.88
4833	27.79
4834	27.79
4835	27.88
4836	27.88
4837	27.88
4838	27.88
4839	27.88
4840	27.88
4841	27.79
4842	27.79
4843	27.79
4844	27.79
4845	27.79
4846	27.79
4847	27.79
4848	27.79
4849	27.79
4850	27.79
4851	27.79
4852	27.79
4853	27.79
4854	27.79
4855	27.70
4856	27.70
4857	27.70
4858	27.79
4859	27.79
4860	27.79
4861	27.79
4862	27.79
4863	27.79
4864	27.79
4865	27.70
4866	27.70
4867	27.70
4868	27.70
4869	27.79
4870	27.70
4871	27.79
4872	27.79
4873	27.70
4874	27.70
4875	27.70
4876	27.70
4877	27.70
4878	27.70
4879	27.79
4880	27.70
4881	27.70
4882	27.70
4883	27.70
4884	27.70
4885	27.70
4886	27.60
4887	27.70
4888	27.70
4889	27.70
4890	27.70
4891	27.70
4892	27.60
4893	27.70
4894	27.70
4895	27.70
4896	27.70
4897	27.60
4898	27.60
4899	27.70
4900	27.70
4901	27.70
4902	27.70
4903	27.60
4904	27.60
4905	27.60
4906	27.70
4907	27.70
4908	27.70
4909	27.60
4910	27.60
4911	27.60
4912	27.60
4913	27.70
4914	27.70
4915	27.60
4916	27.60
4917	27.60
4918	27.60
4919	27.60
4920	27.70
4921	27.60
4922	27.70
4923	27.70
4924	27.60
4925	27.60
4926	27.60
4927	27.60
4928	27.60
4929	27.60
4930	27.70
4931	27.60
4932	27.60
4933	27.60
4934	27.60
4935	27.60
4936	27.60
4937	27.70
4938	27.70
4939	27.60
4940	27.60
4941	27.60
4942	27.60
4943	27.60
4944	27.60
4945	27.51
4946	27.51
4947	27.60
4948	27.60
4949	27.60
4950	27.60
4951	27.51
4952	27.51
4953	27.60
4954	27.60
4955	27.60
4956	27.60
4957	27.51
4958	27.51
4959	27.60
4960	27.60
4961	27.60
4962	27.60
4963	27.51
4964	27.51
4965	27.51
4966	27.51
4967	27.60
4968	27.60
4969	27.51
4970	27.51
4971	27.51
4972	27.51
4973	27.60
4974	27.51
4975	27.51
4976	27.51
4977	27.51
4978	27.51
4979	27.51
4980	27.51
4981	27.51
4982	27.51
4983	27.51
4984	27.51
4985	27.51
4986	27.51
4987	27.51
4988	27.60
4989	27.51
4990	27.51
4991	27.51
4992	27.51
4993	27.42
4994	27.51
4995	27.51
4996	27.51
4997	27.51
4998	27.42
4999	27.51
5000	27.51
5001	27.51
5002	27.42
5003	27.42
5004	27.51
5005	27.51
5006	27.51
5007	27.42
5008	27.51
5009	27.51
5010	27.51
5011	27.42
5012	27.42
5013	27.51
5014	27.51
5015	27.42
5016	27.42
5017	27.42
5018	27.51
5019	27.42
5020	27.42
5021	27.51
5022	27.51
5023	27.42
5024	27.42
5025	27.42
5026	27.51
5027	27.42
5028	27.42
5029	27.42
5030	27.42
5031	27.42
5032	27.42
5033	27.42
5034	27.42
5035	27.42
5036	27.42
5037	27.42
5038	27.51
5039	27.42
5040	27.42
5041	27.42
5042	27.42
5043	27.42
5044	27.42
5045	27.42
5046	27.42
5047	27.42
5048	27.42
5049	27.33
5050	27.42
5051	27.42
5052	27.33
5053	27.42
5054	27.42
5055	27.42
5056	27.42
5057	27.33
5058	27.42
5059	27.42
5060	27.33
5061	27.42
5062	27.42
5063	27.33
5064	27.42
5065	27.42
5066	27.33
5067	27.33
5068	27.33
5069	27.33
5070	27.42
5071	27.33
5072	27.33
5073	27.42
5074	27.33
5075	27.33
5076	27.42
5077	27.33
5078	27.33
5079	27.33
5080	27.33
5081	27.42
5082	27.33
5083	27.33
5084	27.42
5085	27.33
5086	27.33
5087	27.33
5088	27.33
5089	27.42
5090	27.33
5091	27.33
5092	27.33
5093	27.33
5094	27.33
5095	27.33
5096	27.33
5097	27.24
5098	27.33
5099	27.33
5100	27.24
5101	27.33
5102	27.24
5103	27.24
5104	27.33
5105	27.24
5106	27.33
5107	27.24
5108	27.33
5109	27.24
5110	27.24
5111	27.24
5112	27.24
5113	27.33
5114	27.24
5115	27.33
5116	27.24
5117	27.33
5118	27.24
5119	27.33
5120	27.24
5121	27.24
5122	27.24
5123	27.24
5124	27.24
5125	27.24
5126	27.24
5127	27.33
5128	27.24
5129	27.24
5130	27.24
5131	27.24
5132	27.24
5133	27.24
5134	27.33
5135	27.24
5136	27.24
5137	27.24
5138	27.24
5139	27.24
5140	27.24
5141	27.24
5142	27.24
5143	27.24
5144	27.24
5145	27.24
5146	27.24
5147	27.24
5148	27.24
5149	27.15
5150	27.24
5151	27.15
5152	27.24
5153	27.24
5154	27.15
5155	27.24
5156	27.15
5157	27.24
5158	27.15
5159	27.24
5160	27.15
5161	27.24
5162	27.15
5163	27.15
5164	27.15
5165	27.15
5166	27.15
5167	27.15
5168	27.15
5169	27.24
5170	27.15
5171	27.15
5172	27.15
5173	27.15
5174	27.15
5175	27.15
5176	27.24
5177	27.15
5178	27.24
5179	27.15
5180	27.24
5181	27.15
5182	27.24
5183	27.15
5184	27.15
5185	27.15
5186	27.24
5187	27.15
5188	27.24
5189	27.15
5190	27.24
5191	27.15
5192	27.15
5193	27.15
5194	27.15
5195	27.15
5196	27.24
5197	27.15
5198	27.24
5199	27.15
5200	27.24
5201	27.15
5202	27.15
5203	27.15
5204	27.15
5205	27.15
5206	27.15
5207	27.15
5208	27.15
5209	27.15
5210	27.06
5211	27.15
5212	27.06
5213	27.15
5214	27.06
5215	27.15
5216	27.06
5217	27.15
5218	27.15
5219	27.15
5220	27.15
5221	27.15
5222	27.15
5223	27.15
5224	27.15
5225	27.15
5226	27.15
5227	27.15
5228	27.15
5229	27.15
5230	27.15
5231	27.15
5232	27.15
5233	27.06
5234	27.15
5235	27.06
5236	27.15
5237	27.06
5238	27.15
5239	27.06
5240	27.15
5241	27.06
5242	27.15
5243	27.06
5244	27.15
5245	27.06
5246	27.06
5247	27.15
5248	27.06
5249	27.15
5250	27.06
5251	27.15
5252	27.06
5253	27.15
5254	27.06
5255	27.06
5256	27.06
5257	27.06
5258	27.15
5259	27.06
5260	27.15
5261	27.06
5262	27.15
5263	27.06
5264	27.06
5265	27.06
5266	27.06
5267	27.15
5268	27.06
5269	27.15
5270	27.06
5271	27.15
5272	27.06
5273	27.15
5274	27.06
5275	27.15
5276	27.06
5277	27.06
5278	27.06
5279	26.97
5280	27.06
5281	26.97
5282	27.06
5283	26.97
5284	27.06
5285	27.06
5286	27.06
5287	27.06
5288	27.06
5289	27.06
5290	26.97
5291	27.06
5292	26.97
5293	27.06
5294	27.06
5295	27.06
5296	27.06
5297	26.97
5298	27.06
5299	26.97
5300	27.06
5301	27.06
5302	27.06
5303	27.06
5304	26.97
5305	27.06
5306	27.06
5307	27.06
5308	27.06
5309	26.97
5310	27.06
5311	26.97
5312	27.06
5313	27.06
5314	26.97
5315	27.06
5316	27.06
5317	26.97
5318	27.06
5319	27.06
5320	26.97
5321	27.06
5322	26.97
5323	26.97
5324	27.06
5325	26.97
5326	26.97
5327	27.06
5328	26.97
5329	26.97
5330	26.97
5331	26.97
5332	26.97
5333	27.06
5334	26.97
5335	26.97
5336	27.06
5337	26.97
5338	26.97
5339	26.97
5340	26.97
5341	26.97
5342	26.97
5343	26.97
5344	26.97
5345	26.97
5346	26.97
5347	26.97
5348	26.97
5349	26.97
5350	26.88
5351	26.97
5352	26.97
5353	26.97
5354	26.97
5355	26.97
5356	26.97
5357	26.97
5358	26.88
5359	26.97
5360	26.97
5361	26.97
5362	26.97
5363	26.97
5364	26.97
5365	26.97
5366	26.88
5367	26.97
5368	26.97
5369	26.88
5370	26.97
5371	26.97
5372	26.97
5373	26.97
5374	26.97
5375	26.97
5376	26.97
5377	26.88
5378	26.97
5379	26.97
5380	26.88
5381	26.97
5382	26.88
5383	26.88
5384	26.88
5385	26.88
5386	26.88
5387	26.97
5388	26.88
5389	26.97
5390	26.97
5391	26.88
5392	26.97
5393	26.97
5394	26.88
5395	26.97
5396	26.97
5397	26.88
5398	26.97
5399	26.97
5400	26.97
5401	26.97
5402	26.97
5403	26.97
5404	26.97
5405	26.88
5406	26.97
5407	26.97
5408	26.88
5409	26.97
5410	26.88
5411	26.97
5412	26.97
5413	26.97
5414	26.97
5415	26.97
5416	26.88
5417	26.97
5418	26.88
5419	26.88
5420	26.97
5421	26.88
5422	26.88
5423	26.97
5424	26.88
5425	26.88
5426	26.97
5427	26.88
5428	26.88
5429	26.97
5430	26.88
5431	26.88
5432	26.97
5433	26.88
5434	26.88
5435	26.97
5436	26.88
5437	26.88
5438	26.97
5439	26.88
5440	26.88
5441	26.97
5442	26.88
5443	26.88
5444	26.97
5445	26.88
5446	26.88
5447	26.97
5448	26.88
5449	26.88
5450	26.97
5451	26.88
5452	26.88
5453	26.97
5454	26.88
5455	26.88
5456	26.97
5457	26.97
5458	26.88
5459	26.97
5460	26.88
5461	26.88
5462	26.97
5463	26.88
5464	26.88
5465	26.97
5466	26.88
5467	26.88
5468	26.88
5469	26.88
5470	26.88
5471	26.88
5472	26.88
5473	26.88
5474	26.88
5475	26.88
5476	26.88
5477	26.88
5478	26.88
5479	26.97
5480	26.88
5481	26.88
5482	26.88
5483	26.88
5484	26.88
5485	26.88
5486	26.88
5487	26.88
5488	26.97
5489	26.88
5490	26.88
5491	26.88
5492	26.97
5493	26.88
5494	26.88
5495	26.97
5496	26.88
5497	26.88
5498	26.88
5499	26.88
5500	26.88
5501	26.88
5502	26.88
5503	26.88
5504	26.88
5505	26.88
5506	26.88
5507	26.88
5508	26.97
5509	26.88
5510	26.88
5511	26.88
5512	26.88
5513	26.88
5514	26.88
5515	26.88
5516	26.88
5517	26.88
5518	26.88
5519	26.88
5520	26.88
5521	26.88
5522	26.88
5523	26.88
5524	26.88
5525	26.88
5526	26.88
5527	26.79
5528	26.88
5529	26.88
5530	26.88
5531	26.79
5532	26.88
5533	26.88
5534	26.88
5535	26.88
5536	26.79
5537	26.88
5538	26.88
5539	26.88
5540	26.79
5541	26.88
5542	26.88
5543	26.88
5544	26.88
5545	26.88
5546	26.88
5547	26.88
5548	26.88
5549	26.88
5550	26.88
5551	26.88
5552	26.88
5553	26.88
5554	26.88
5555	26.88
5556	26.88
5557	26.88
5558	26.88
5559	26.79
5560	26.88
5561	26.88
5562	26.88
5563	26.79
5564	26.88
5565	26.88
5566	26.79
5567	26.88
5568	26.88
5569	26.79
5570	26.88
5571	26.88
5572	26.88
5573	26.79
5574	26.88
5575	26.88
5576	26.79
5577	26.79
5578	26.88
5579	26.88
5580	26.79
5581	26.88
5582	26.88
5583	26.88
5584	26.79
5585	26.88
5586	26.88
5587	26.88
5588	26.88
5589	26.88
5590	26.88
5591	26.79
5592	26.88
5593	26.88
5594	26.79
5595	26.79
5596	26.88
5597	26.88
5598	26.79
5599	26.88
5600	26.88
5601	26.88
5602	26.79
5603	26.88
5604	26.88
5605	26.79
5606	26.88
5607	26.88
5608	26.79
5609	26.88
5610	26.88
5611	26.88
5612	26.79
5613	26.88
5614	26.88
5615	26.79
5616	26.79
5617	26.88
5618	26.88
5619	26.79
5620	26.88
5621	26.88
5622	26.79
5623	26.79
5624	26.88
5625	26.88
5626	26.79
5627	26.88
5628	26.88
5629	26.79
5630	26.79
5631	26.88
5632	26.88
5633	26.79
5634	26.79
5635	26.88
5636	26.88
5637	26.79
5638	26.88
5639	26.88
5640	26.88
5641	26.79
5642	26.88
5643	26.88
5644	26.79
5645	26.79
5646	26.88
5647	26.88
5648	26.79
5649	26.88
5650	26.88
5651	26.79
5652	26.79
5653	26.88
5654	26.88
5655	26.79
5656	26.79
5657	26.88
5658	26.79
5659	26.79
5660	26.79
5661	26.88
5662	26.79
5663	26.79
5664	26.88
5665	26.79
5666	26.79
5667	26.79
5668	26.88
5669	26.88
5670	26.79
5671	26.79
5672	26.88
5673	26.79
5674	26.79
5675	26.79
5676	26.88
5677	26.88
5678	26.79
5679	26.79
5680	26.88
5681	26.88
5682	26.79
5683	26.79
5684	26.88
5685	26.88
5686	26.79
5687	26.79
5688	26.88
5689	26.88
5690	26.79
5691	26.79
5692	26.88
5693	26.79
5694	26.79
5695	26.79
5696	26.88
5697	26.88
5698	26.79
5699	26.79
5700	26.88
5701	26.88
5702	26.79
5703	26.79
5704	26.88
5705	26.88
5706	26.79
5707	26.79
5708	26.79
5709	26.88
5710	26.88
5711	26.79
5712	26.79
5713	26.79
5714	26.79
5715	26.88
5716	26.79
5717	26.79
5718	26.79
5719	26.79
5720	26.88
5721	26.79
5722	26.79
5723	26.79
5724	26.79
5725	26.88
5726	26.79
5727	26.79
5728	26.79
5729	26.79
5730	26.88
5731	26.79
5732	26.79
5733	26.79
5734	26.79
5735	26.88
5736	26.88
5737	26.79
5738	26.79
5739	26.79
5740	26.88
5741	26.88
5742	26.79
5743	26.79
5744	26.79
5745	26.88
5746	26.79
5747	26.79
5748	26.79
5749	26.88
5750	26.88
5751	26.79
5752	26.79
5753	26.79
5754	26.79
5755	26.79
5756	26.79
5757	26.79
5758	26.88
5759	26.79
5760	26.79
5761	26.79
5762	26.88
5763	26.79
5764	26.79
5765	26.79
5766	26.79
5767	26.79
5768	26.79
5769	26.79
5770	26.79
5771	26.88
5772	26.88
5773	26.79
5774	26.79
5775	26.79
5776	26.88
5777	26.88
5778	26.79
5779	26.79
5780	26.88
5781	26.88
5782	26.88
5783	26.79
5784	26.88
5785	26.88
5786	26.79
5787	26.79
5788	26.88
5789	26.88
5790	26.79
5791	26.79
5792	26.88
5793	26.88
5794	26.79
5795	26.79
5796	26.79
5797	26.88
5798	26.88
5799	26.79
5800	26.79
5801	26.88
5802	26.88
5803	26.79
5804	26.79
5805	26.79
5806	26.88
5807	26.79
5808	26.79
5809	26.79
5810	26.88
5811	26.79
5812	26.79
5813	26.79
5814	26.79
5815	26.88
5816	26.79
5817	26.79
5818	26.79
5819	26.88
5820	26.88
5821	26.79
5822	26.79
5823	26.79
5824	26.88
5825	26.88
5826	26.79
5827	26.79
5828	26.88
5829	26.88
5830	26.79
5831	26.79
5832	26.79
5833	26.88
5834	26.88
5835	26.88
5836	26.79
5837	26.79
5838	26.88
5839	26.88
5840	26.88
5841	26.79
5842	26.79
5843	26.79
5844	26.88
5845	26.79
5846	26.79
5847	26.79
5848	26.79
5849	26.88
5850	26.88
5851	26.79
5852	26.79
5853	26.79
5854	26.79
5855	26.79
5856	26.79
5857	26.79
5858	26.79
5859	26.79
5860	26.79
5861	26.79
5862	26.79
5863	26.79
5864	26.79
5865	26.88
5866	26.79
5867	26.79
5868	26.79
5869	26.79
5870	26.88
5871	26.79
5872	26.79
5873	26.79
5874	26.79
5875	26.88
5876	26.79
5877	26.79
5878	26.79
5879	26.79
5880	26.79
5881	26.88
5882	26.79
5883	26.88
5884	26.79
5885	26.79
5886	26.79
5887	26.88
5888	26.88
5889	26.79
5890	26.79
5891	26.79
5892	26.79
5893	26.88
5894	26.79
5895	26.88
5896	26.79
5897	26.79
5898	26.79
5899	26.88
5900	26.79
5901	26.79
5902	26.79
5903	26.79
5904	26.79
5905	26.88
5906	26.88
5907	26.79
5908	26.79
5909	26.79
5910	26.79
5911	26.79
5912	26.88
5913	26.79
5914	26.79
5915	26.79
5916	26.79
5917	26.79
5918	26.88
5919	26.79
5920	26.79
5921	26.79
5922	26.79
5923	26.79
5924	26.79
5925	26.79
5926	26.88
5927	26.79
5928	26.79
5929	26.79
5930	26.79
5931	26.79
5932	26.79
5933	26.88
5934	26.79
5935	26.79
5936	26.79
5937	26.79
5938	26.79
5939	26.79
5940	26.79
5941	26.88
5942	26.88
5943	26.79
5944	26.79
5945	26.79
5946	26.79
5947	26.79
5948	26.79
5949	26.88
5950	26.79
5951	26.79
5952	26.79
5953	26.79
5954	26.88
5955	26.79
5956	26.79
5957	26.79
5958	26.79
5959	26.70
5960	26.79
5961	26.79
5962	26.79
5963	26.79
5964	26.79
5965	26.70
5966	26.79
5967	26.79
5968	26.79
5969	26.79
5970	26.70
5971	26.79
5972	26.79
5973	26.79
5974	26.79
5975	26.79
5976	26.79
5977	26.79
5978	26.79
5979	26.79
5980	26.79
5981	26.70
5982	26.79
5983	26.79
5984	26.79
5985	26.79
5986	26.79
5987	26.79
5988	26.79
5989	26.79
5990	26.79
5991	26.79
5992	26.79
5993	26.79
5994	26.79
5995	26.79
5996	26.79
5997	26.70
5998	26.79
5999	26.79
6000	26.79
6001	26.79
6002	26.70
6003	26.79
6004	26.79
6005	26.79
6006	26.79
6007	26.79
6008	26.79
6009	26.79
6010	26.79
6011	26.79
6012	26.70
6013	26.70
6014	26.79
6015	26.79
6016	26.79
6017	26.79
6018	26.70
6019	26.79
6020	26.79
6021	26.79
6022	26.79
6023	26.79
6024	26.70
6025	26.79
6026	26.79
6027	26.79
6028	26.79
6029	26.70
6030	26.70
6031	26.79
6032	26.79
6033	26.79
6034	26.79
6035	26.79
6036	26.70
6037	26.79
6038	26.79
6039	26.79
6040	26.79
6041	26.70
6042	26.70
6043	26.79
6044	26.79
6045	26.79
6046	26.70
6047	26.70
6048	26.70
6049	26.79
6050	26.79
6051	26.79
6052	26.79
6053	26.70
6054	26.70
6055	26.79
6056	26.79
6057	26.79
6058	26.79
6059	26.70
6060	26.70
6061	26.70
6062	26.79
6063	26.79
6064	26.79
6065	26.70
6066	26.70
6067	26.70
6068	26.79
6069	26.79
6070	26.79
6071	26.70
6072	26.79
6073	26.70
6074	26.70
6075	26.70
6076	26.79
6077	26.79
6078	26.70
6079	26.70
6080	26.70
6081	26.70
6082	26.70
6083	26.79
6084	26.79
6085	26.79
6086	26.79
6087	26.70
6088	26.70
6089	26.70
6090	26.79
6091	26.79
6092	26.79
6093	26.79
6094	26.70
6095	26.70
6096	26.70
6097	26.70
6098	26.70
6099	26.70
6100	26.70
6101	26.79
6102	26.79
6103	26.79
6104	26.79
6105	26.79
6106	26.79
6107	26.70
6108	26.70
6109	26.70
6110	26.70
6111	26.70
6112	26.79
6113	26.79
6114	26.79
6115	26.79
6116	26.79
6117	26.70
6118	26.70
6119	26.70
6120	26.70
6121	26.70
6122	26.79
6123	26.79
6124	26.79
6125	26.79
6126	26.79
6127	26.70
6128	26.70
6129	26.70
6130	26.70
6131	26.79
6132	26.79
6133	26.79
6134	26.79
6135	26.70
6136	26.70
6137	26.79
6138	26.79
6139	26.79
6140	26.79
6141	26.70
6142	26.70
6143	26.70
6144	26.79
6145	26.79
6146	26.79
6147	26.70
6148	26.70
6149	26.70
6150	26.79
6151	26.79
6152	26.79
6153	26.70
6154	26.70
6155	26.70
6156	26.70
6157	26.79
6158	26.79
6159	26.70
6160	26.70
6161	26.70
6162	26.70
6163	26.70
6164	26.79
6165	26.70
6166	26.70
6167	26.70
6168	26.70
6169	26.70
6170	26.70
6171	26.79
6172	26.79
6173	26.70
6174	26.70
6175	26.70
6176	26.70
6177	26.70
6178	26.70
6179	26.70
6180	26.70
6181	26.70
6182	26.70
6183	26.70
6184	26.70
6185	26.70
6186	26.79
6187	26.70
6188	26.70
6189	26.70
6190	26.79
6191	26.79
6192	26.70
6193	26.70
6194	26.70
6195	26.70
6196	26.70
6197	26.79
6198	26.70
6199	26.70
6200	26.70
6201	26.70
6202	26.70
6203	26.70
6204	26.79
6205	26.79
6206	26.79
6207	26.70
6208	26.70
6209	26.70
6210	26.70
6211	26.79
6212	26.79
6213	26.79
6214	26.70
6215	26.70
6216	26.70
6217	26.70
6218	26.79
6219	26.79
6220	26.70
6221	26.70
6222	26.70
6223	26.70
6224	26.70
6225	26.79
6226	26.79
6227	26.79
6228	26.70
6229	26.70
6230	26.70
6231	26.70
6232	26.79
6233	26.79
6234	26.79
6235	26.70
6236	26.70
6237	26.70
6238	26.79
6239	26.79
6240	26.70
6241	26.70
6242	26.70
6243	26.70
6244	26.70
6245	26.79
6246	26.79
6247	26.79
6248	26.70
6249	26.70
6250	26.70
6251	26.70
6252	26.79
6253	26.70
6254	26.79
6255	26.70
6256	26.70
6257	26.70
6258	26.70
6259	26.79
6260	26.79
6261	26.70
6262	26.70
6263	26.70
6264	26.70
6265	26.70
6266	26.79
6267	26.79
6268	26.70
6269	26.70
6270	26.70
6271	26.70
6272	26.70
6273	26.70
6274	26.70
6275	26.70
6276	26.70
6277	26.79
6278	26.79
6279	26.79
6280	26.79
6281	26.79
6282	26.70
6283	26.70
6284	26.70
6285	26.70
6286	26.70
6287	26.70
6288	26.79
6289	26.79
6290	26.79
6291	26.79
6292	26.79
6293	26.70
6294	26.70
6295	26.70
6296	26.70
6297	26.70
6298	26.70
6299	26.79
6300	26.79
6301	26.79
6302	26.79
6303	26.79
6304	26.70
6305	26.70
6306	26.70
6307	26.70
6308	26.70
6309	26.70
6310	26.70
6311	26.79
6312	26.79
6313	26.79
6314	26.79
6315	26.70
6316	26.70
6317	26.70
6318	26.79
6319	26.79
6320	26.79
6321	26.79
6322	26.70
6323	26.70
6324	26.70
6325	26.79
6326	26.79
6327	26.79
6328	26.70
6329	26.70
6330	26.70
6331	26.70
6332	26.70
6333	26.79
6334	26.79
6335	26.79
6336	26.79
6337	26.70
6338	26.70
6339	26.70
6340	26.70
6341	26.79
6342	26.79
6343	26.79
6344	26.70
6345	26.70
6346	26.70
6347	26.70
6348	26.70
6349	26.79
6350	26.79
6351	26.79
6352	26.79
6353	26.79
6354	26.70
6355	26.70
6356	26.70
6357	26.79
6358	26.79
6359	26.79
6360	26.79
6361	26.70
6362	26.70
6363	26.70
6364	26.70
6365	26.79
6366	26.79
6367	26.70
6368	26.70
6369	26.70
6370	26.70
6371	26.70
6372	26.70
6373	26.79
6374	26.79
6375	26.70
6376	26.70
6377	26.70
6378	26.70
6379	26.70
6380	26.79
6381	26.79
6382	26.79
6383	26.70
6384	26.70
6385	26.70
6386	26.70
6387	26.70
6388	26.79
6389	26.79
6390	26.79
6391	26.79
6392	26.70
6393	26.70
6394	26.70
6395	26.70
6396	26.79
6397	26.79
6398	26.79
6399	26.79
6400	26.79
6401	26.70
6402	26.70
6403	26.70
6404	26.79
6405	26.79
6406	26.79
6407	26.79
6408	26.79
6409	26.70
6410	26.70
6411	26.70
6412	26.70
6413	26.79
6414	26.79
6415	26.79
6416	26.70
6417	26.70
6418	26.70
6419	26.70
6420	26.70
6421	26.79
6422	26.79
6423	26.79
6424	26.79
6425	26.79
6426	26.70
6427	26.70
6428	26.70
6429	26.79
6430	26.79
6431	26.79
6432	26.79
6433	26.70
6434	26.70
6435	26.70
6436	26.70
6437	26.79
6438	26.79
6439	26.79
6440	26.70
6441	26.70
6442	26.70
6443	26.70
6444	26.70
6445	26.79
6446	26.79
6447	26.79
6448	26.79
6449	26.70
6450	26.70
6451	26.70
6452	26.70
6453	26.70
6454	26.79
6455	26.79
6456	26.79
6457	26.79
6458	26.79
6459	26.79
6460	26.79
6461	26.79
6462	26.70
6463	26.70
6464	26.70
6465	26.70
6466	26.79
6467	26.79
6468	26.79
6469	26.79
6470	26.79
6471	26.79
6472	26.79
6473	26.70
6474	26.70
6475	26.70
6476	26.70
6477	26.70
6478	26.79
6479	26.79
6480	26.79
6481	26.79
6482	26.79
6483	26.79
6484	26.79
6485	26.79
6486	26.70
6487	26.79
6488	26.79
6489	26.79
6490	26.79
6491	26.79
6492	26.79
6493	26.70
6494	26.79
6495	26.79
6496	26.79
6497	26.79
6498	26.70
6499	26.70
6500	26.79
6501	26.79
6502	26.79
6503	26.79
6504	26.79
6505	26.70
6506	26.70
6507	26.79
6508	26.79
6509	26.79
6510	26.79
6511	26.70
6512	26.70
6513	26.79
6514	26.79
6515	26.79
6516	26.79
6517	26.79
6518	26.70
6519	26.79
6520	26.79
6521	26.79
6522	26.79
6523	26.79
6524	26.79
6525	26.70
6526	26.70
6527	26.79
6528	26.79
6529	26.79
6530	26.79
6531	26.70
6532	26.79
6533	26.79
6534	26.79
6535	26.79
6536	26.79
6537	26.70
6538	26.79
6539	26.79
6540	26.79
6541	26.79
6542	26.79
6543	26.70
6544	26.79
6545	26.79
6546	26.79
6547	26.79
6548	26.79
6549	26.70
6550	26.79
6551	26.79
6552	26.79
6553	26.70
6554	26.70
6555	26.79
6556	26.79
6557	26.79
6558	26.79
6559	26.79
6560	26.70
6561	26.79
6562	26.79
6563	26.79
6564	26.79
6565	26.79
6566	26.79
6567	26.79
6568	26.79
6569	26.79
6570	26.79
6571	26.79
6572	26.79
6573	26.88
6574	26.79
6575	26.79
6576	26.79
6577	26.79
6578	26.79
6579	26.88
6580	26.79
6581	26.79
6582	26.79
6583	26.79
6584	26.70
6585	26.79
6586	26.79
6587	26.79
6588	26.79
6589	26.79
6590	26.79
6591	26.79
6592	26.79
6593	26.79
6594	26.79
6595	26.79
6596	26.79
6597	26.88
6598	26.79
6599	26.79
6600	26.79
6601	26.79
6602	26.79
6603	26.79
6604	26.79
6605	26.70
6606	26.79
6607	26.79
6608	26.79
6609	26.79
6610	26.79
6611	26.79
6612	26.79
6613	26.79
6614	26.70
6615	26.70
6616	26.79
6617	26.79
6618	26.79
6619	26.79
6620	26.79
6621	26.79
6622	26.79
6623	26.70
6624	26.70
6625	26.70
6626	26.79
6627	26.79
6628	26.79
6629	26.79
6630	26.79
6631	26.79
6632	26.70
6633	26.70
6634	26.79
6635	26.79
6636	26.79
6637	26.79
6638	26.79
6639	26.79
6640	26.79
6641	26.70
6642	26.79
6643	26.79
6644	26.79
6645	26.79
6646	26.79
6647	26.79
6648	26.79
6649	26.70
6650	26.79
6651	26.79
6652	26.79
6653	26.79
6654	26.79
6655	26.79
6656	26.79
6657	26.79
6658	26.70
6659	26.79
6660	26.79
6661	26.79
6662	26.79
6663	26.79
6664	26.79
6665	26.70
6666	26.79
6667	26.79
6668	26.79
6669	26.79
6670	26.79
6671	26.79
6672	26.79
6673	26.70
6674	26.88
6675	26.79
6676	26.79
6677	26.79
6678	26.79
6679	26.79
6680	26.79
6681	26.70
6682	26.79
6683	26.79
6684	26.79
6685	26.79
6686	26.79
6687	26.79
6688	26.70
6689	26.70
6690	26.79
6691	26.79
6692	26.79
6693	26.79
6694	26.79
6695	26.79
6696	26.70
6697	26.79
6698	26.79
6699	26.79
6700	26.79
6701	26.79
6702	26.79
6703	26.70
6704	26.70
6705	26.79
6706	26.79
6707	26.79
6708	26.79
6709	26.79
6710	26.70
6711	26.70
6712	26.70
6713	26.70
6714	26.79
6715	26.79
6716	26.79
6717	26.79
6718	26.70
6719	26.70
6720	26.70
6721	26.79
6722	26.79
6723	26.79
6724	26.79
6725	26.79
6726	26.79
6727	26.79
6728	26.70
6729	26.79
6730	26.79
6731	26.79
6732	26.79
6733	26.79
6734	26.79
6735	26.79
6736	26.70
6737	26.79
6738	26.79
6739	26.79
6740	26.79
6741	26.79
6742	26.79
6743	26.79
6744	26.70
6745	26.79
6746	26.79
6747	26.79
6748	26.79
6749	26.79
6750	26.70
6751	26.70
6752	26.79
6753	26.79
6754	26.79
6755	26.79
6756	26.79
6757	26.70
6758	26.70
6759	26.79
6760	26.79
6761	26.79
6762	26.79
6763	26.79
6764	26.79
6765	26.79
6766	26.70
6767	26.79
6768	26.79
6769	26.79
6770	26.79
6771	26.79
6772	26.79
6773	26.79
6774	26.79
6775	26.70
6776	26.79
6777	26.79
6778	26.79
6779	26.79
6780	26.79
6781	26.79
6782	26.70
6783	26.79
6784	26.79
6785	26.79
6786	26.79
6787	26.79
6788	26.79
6789	26.70
6790	26.79
6791	26.79
6792	26.79
6793	26.79
6794	26.79
6795	26.79
6796	26.70
6797	26.79
6798	26.79
6799	26.79
6800	26.79
6801	26.79
6802	26.70
6803	26.70
6804	26.79
6805	26.79
6806	26.79
6807	26.79
6808	26.70
6809	26.70
6810	26.79
6811	26.79
6812	26.79
6813	26.79
6814	26.79
6815	26.79
6816	26.70
6817	26.79
6818	26.79
6819	26.79
6820	26.79
6821	26.79
6822	26.79
6823	26.79
6824	26.79
6825	26.79
6826	26.79
6827	26.79
6828	26.79
6829	26.79
6830	26.70
6831	26.79
6832	26.79
6833	26.79
6834	26.79
6835	26.79
6836	26.79
6837	26.79
6838	26.79
6839	26.79
6840	26.79
6841	26.79
6842	26.70
6843	26.79
6844	26.79
6845	26.79
6846	26.79
6847	26.79
6848	26.70
6849	26.79
6850	26.79
6851	26.79
6852	26.79
6853	26.79
6854	26.70
6855	26.79
6856	26.79
6857	26.79
6858	26.70
6859	26.70
6860	26.79
6861	26.79
6862	26.79
6863	26.79
6864	26.79
6865	26.70
6866	26.79
6867	26.79
6868	26.79
6869	26.79
6870	26.79
6871	26.70
6872	26.79
6873	26.79
6874	26.79
6875	26.79
6876	26.70
6877	26.70
6878	26.79
6879	26.79
6880	26.79
6881	26.79
6882	26.79
6883	26.70
6884	26.79
6885	26.79
6886	26.79
6887	26.79
6888	26.79
6889	26.70
6890	26.79
6891	26.79
6892	26.79
6893	26.79
6894	26.70
6895	26.70
6896	26.79
6897	26.79
6898	26.79
6899	26.79
6900	26.70
6901	26.70
6902	26.79
6903	26.79
6904	26.79
6905	26.79
6906	26.79
6907	26.70
6908	26.79
6909	26.79
6910	26.79
6911	26.79
6912	26.70
6913	26.79
6914	26.79
6915	26.79
6916	26.79
6917	26.70
6918	26.70
6919	26.79
6920	26.79
6921	26.79
6922	26.79
6923	26.79
6924	26.70
6925	26.79
6926	26.79
6927	26.79
6928	26.79
6929	26.79
6930	26.70
6931	26.79
6932	26.79
6933	26.79
6934	26.79
6935	26.70
6936	26.70
6937	26.79
6938	26.79
6939	26.70
6940	26.70
6941	26.70
6942	26.79
6943	26.79
6944	26.79
6945	26.79
6946	26.70
6947	26.70
6948	26.79
6949	26.79
6950	26.79
6951	26.79
6952	26.70
6953	26.79
6954	26.79
6955	26.79
6956	26.79
6957	26.70
6958	26.70
6959	26.79
6960	26.79
6961	26.79
6962	26.79
6963	26.70
6964	26.70
6965	26.79
6966	26.79
6967	26.79
6968	26.70
6969	26.70
6970	26.79
6971	26.79
6972	26.79
6973	26.70
6974	26.70
6975	26.79
6976	26.79
6977	26.79
6978	26.79
6979	26.70
6980	26.70
6981	26.79
6982	26.79
6983	26.70
6984	26.79
6985	26.70
6986	26.79
6987	26.79
6988	26.79
6989	26.79
6990	26.70
6991	26.79
6992	26.79
6993	26.79
6994	26.79
6995	26.79
6996	26.70
6997	26.70
6998	26.79
6999	26.79
7000	26.79
7001	26.79
7002	26.70
7003	26.70
7004	26.79
7005	26.79
7006	26.79
7007	26.70
7008	26.70
7009	26.79
7010	26.79
7011	26.79
7012	26.79
7013	26.79
7014	26.70
7015	26.79
7016	26.79
7017	26.79
7018	26.79
7019	26.79
7020	26.79
7021	26.79
7022	26.79
7023	26.79
7024	26.70
7025	26.79
7026	26.79
7027	26.79
7028	26.79
7029	26.79
7030	26.70
7031	26.79
7032	26.79
7033	26.79
7034	26.70
7035	26.70
7036	26.79
7037	26.79
7038	26.79
7039	26.79
7040	26.70
7041	26.79
7042	26.79
7043	26.79
7044	26.79
7045	26.79
7046	26.79
7047	26.79
7048	26.79
7049	26.79
7050	26.79
7051	26.79
7052	26.79
7053	26.79
7054	26.79
7055	26.79
7056	26.79
7057	26.79
7058	26.79
7059	26.79
7060	26.79
7061	26.79
7062	26.79
7063	26.70
7064	26.70
7065	26.79
7066	26.79
7067	26.79
7068	26.79
7069	26.88
7070	26.79
7071	26.79
7072	26.79
7073	26.79
7074	26.79
7075	26.79
7076	26.79
7077	26.79
7078	26.79
7079	26.79
7080	26.79
7081	26.79
7082	26.79
7083	26.79
7084	26.79
7085	26.79
7086	26.79
7087	26.70
7088	26.79
7089	26.79
7090	26.79
7091	26.79
7092	26.79
7093	26.79
7094	26.79
7095	26.79
7096	26.70
7097	26.79
7098	26.79
7099	26.79
7100	26.79
7101	26.88
7102	26.79
7103	26.79
7104	26.79
7105	26.88
7106	26.79
7107	26.79
7108	26.79
7109	26.70
7110	26.79
7111	26.79
7112	26.79
7113	26.70
7114	26.79
7115	26.79
7116	26.79
7117	26.79
7118	26.70
7119	26.79
7120	26.79
7121	26.79
7122	26.70
7123	26.79
7124	26.79
7125	26.79
7126	26.70
7127	26.70
7128	26.79
7129	26.79
7130	26.79
7131	26.79
7132	26.79
7133	26.79
7134	26.79
7135	26.79
7136	26.79
7137	26.79
7138	26.79
7139	26.79
7140	26.70
7141	26.79
7142	26.79
7143	26.79
7144	26.79
7145	26.70
7146	26.79
7147	26.79
7148	26.79
7149	26.70
7150	26.79
7151	26.79
7152	26.79
7153	26.79
7154	26.70
7155	26.79
7156	26.79
7157	26.79
7158	26.70
7159	26.79
7160	26.79
7161	26.79
7162	26.79
7163	26.79
7164	26.79
7165	26.79
7166	26.79
7167	26.70
7168	26.79
7169	26.79
7170	26.79
7171	26.79
7172	26.79
7173	26.79
7174	26.79
7175	26.79
7176	26.79
7177	26.79
7178	26.79
7179	26.79
7180	26.79
7181	26.79
7182	26.79
7183	26.79
7184	26.79
7185	26.88
7186	26.79
7187	26.79
7188	26.79
7189	26.70
7190	26.79
7191	26.79
7192	26.79
7193	26.79
7194	26.88
7195	26.79
7196	26.79
7197	26.79
7198	26.79
7199	26.79
