0	27.79
1	27.60
2	27.60
3	27.51
4	27.51
5	27.70
6	27.60
7	27.51
8	27.51
9	27.60
10	27.60
11	27.60
12	27.51
13	27.51
14	27.70
15	27.51
16	27.60
17	27.60
18	27.60
19	27.60
20	27.60
21	27.70
22	27.60
23	27.60
24	27.70
25	27.79
26	27.70
27	27.70
28	27.70
29	27.70
30	27.79
31	27.79
32	27.79
33	27.88
34	27.88
35	27.88
36	27.79
37	27.88
38	27.88
39	27.88
40	27.88
41	28.06
42	27.88
43	27.97
44	27.97
45	28.06
46	27.97
47	28.24
48	28.06
49	28.06
50	28.15
51	28.15
52	28.24
53	28.15
54	28.15
55	28.15
56	28.24
57	28.24
58	28.33
59	28.24
60	28.24
61	28.33
62	28.33
63	28.42
64	28.42
65	28.33
66	28.33
67	28.42
68	28.42
69	28.42
70	28.42
71	28.61
72	28.42
73	28.52
74	28.52
75	28.61
76	28.52
77	28.70
78	28.61
79	28.70
80	28.61
81	28.70
82	28.70
83	28.70
84	28.79
85	28.70
86	28.79
87	28.79
88	28.79
89	28.79
90	28.88
91	28.88
92	28.88
93	28.97
94	28.88
95	28.97
96	28.97
97	28.97
98	28.97
99	28.97
100	28.97
101	28.97
102	29.07
103	29.07
104	29.16
105	29.07
106	29.16
107	29.16
108	29.34
109	29.25
110	29.16
111	29.16
112	29.25
113	29.25
114	29.43
115	29.34
116	29.25
117	29.25
118	29.34
119	29.34
120	29.34
121	29.34
122	29.62
123	29.43
124	29.43
125	29.53
126	29.43
127	29.43
128	29.53
129	29.71
130	29.62
131	29.62
132	29.62
133	29.62
134	29.62
135	29.71
136	29.80
137	29.62
138	29.71
139	29.90
140	29.71
141	29.71
142	29.71
143	29.71
144	29.80
145	29.80
146	29.90
147	29.80
148	29.80
149	29.80
150	29.90
151	29.90
152	29.90
153	29.90
154	29.99
155	29.99
156	29.99
157	29.99
158	29.99
159	30.08
160	29.99
161	29.99
162	30.08
163	30.17
164	30.08
165	30.08
166	30.08
167	30.08
168	30.36
169	30.27
170	30.17
171	30.08
172	30.17
173	30.17
174	30.17
175	30.27
176	30.27
177	30.27
178	30.36
179	30.27
180	30.17
181	30.73
182	30.83
183	30.92
184	30.92
185	30.92
186	31.01
187	30.92
188	31.01
189	31.01
190	31.01
191	31.11
192	31.11
193	31.11
194	31.01
195	31.30
196	31.11
197	31.20
198	31.11
199	31.20
200	31.20
201	31.30
202	31.20
203	31.30
204	31.39
205	31.30
206	31.30
207	31.30
208	31.30
209	31.30
210	31.39
211	31.30
212	31.48
213	31.48
214	31.48
215	31.39
216	31.48
217	31.58
218	31.48
219	31.58
220	31.67
221	31.58
222	31.77
223	31.58
224	31.58
225	31.58
226	31.67
227	31.67
228	31.67
229	31.67
230	31.77
231	31.67
232	31.77
233	31.67
234	31.86
235	31.86
236	31.77
237	31.86
238	31.77
239	31.77
240	32.05
241	31.86
242	32.15
243	31.86
244	32.05
245	31.86
246	31.96
247	31.96
248	31.96
249	32.05
250	31.96
251	31.96
252	32.05
253	32.05
254	32.05
255	31.96
256	32.05
257	32.05
258	32.15
259	32.05
260	32.15
261	32.15
262	32.05
263	32.15
264	32.24
265	32.24
266	32.15
267	32.24
268	32.15
269	32.24
270	32.24
271	32.24
272	32.43
273	32.34
274	32.34
275	32.24
276	32.24
277	32.34
278	32.34
279	32.34
280	32.34
281	32.34
282	32.34
283	32.34
284	32.43
285	32.43
286	32.43
287	32.43
288	32.53
289	32.53
290	32.43
291	32.53
292	32.62
293	32.53
294	32.62
295	32.53
296	32.62
297	32.62
298	32.53
299	32.62
300	32.72
301	32.72
302	32.81
303	32.62
304	32.72
305	32.72
306	32.81
307	32.72
308	32.91
309	32.91
310	32.81
311	32.81
312	32.81
313	32.81
314	32.91
315	32.81
316	32.91
317	32.81
318	33.01
319	32.91
320	32.91
321	32.81
322	32.91
323	32.91
324	32.91
325	32.91
326	32.91
327	32.91
328	33.01
329	33.01
330	33.20
331	32.91
332	32.91
333	32.91
334	33.01
335	33.01
336	33.01
337	33.10
338	33.10
339	33.10
340	33.10
341	33.20
342	33.20
343	33.10
344	33.10
345	33.10
346	33.20
347	33.10
348	33.20
349	33.20
350	33.30
351	33.20
352	33.30
353	33.20
354	33.20
355	33.30
356	33.59
357	33.30
358	33.39
359	33.39
360	33.39
361	33.39
362	33.39
363	33.30
364	33.39
365	33.49
366	33.59
367	33.49
368	33.39
369	33.49
370	33.59
371	33.49
372	33.49
373	33.30
374	33.39
375	33.30
376	33.39
377	33.49
378	33.49
379	33.59
380	33.49
381	33.49
382	33.59
383	33.59
384	33.59
385	33.59
386	33.59
387	33.68
388	33.78
389	33.59
390	33.59
391	33.68
392	33.68
393	33.68
394	33.78
395	33.88
396	33.78
397	33.78
398	33.78
399	33.78
400	33.78
401	33.88
402	33.78
403	33.88
404	33.88
405	33.78
406	33.88
407	33.88
408	33.88
409	33.97
410	33.97
411	33.97
412	33.88
413	34.07
414	34.17
415	33.97
416	33.97
417	34.07
418	34.07
419	34.17
420	33.97
421	34.07
422	33.97
423	34.07
424	34.07
425	34.07
426	34.07
427	34.07
428	34.07
429	34.17
430	34.07
431	34.17
432	34.27
433	34.36
434	34.17
435	34.27
436	34.17
437	34.27
438	34.17
439	34.17
440	34.27
441	34.36
442	34.17
443	34.17
444	34.36
445	34.36
446	34.36
447	34.36
448	34.36
449	34.27
450	34.36
451	34.36
452	34.27
453	34.46
454	34.27
455	34.36
456	34.36
457	34.46
458	34.46
459	34.46
460	34.46
461	34.46
462	34.46
463	34.56
464	34.66
465	34.56
466	34.56
467	34.56
468	34.46
469	34.46
470	34.66
471	34.66
472	34.56
473	34.56
474	34.56
475	34.66
476	34.56
477	34.66
478	34.56
479	34.56
480	34.66
481	34.56
482	34.66
483	34.66
484	34.66
485	34.76
486	34.66
487	34.66
488	34.76
489	34.76
490	34.66
491	34.85
492	34.66
493	34.66
494	34.76
495	34.76
496	34.76
497	34.76
498	34.76
499	34.85
500	34.76
501	34.85
502	34.76
503	34.85
504	34.76
505	34.85
506	34.85
507	34.85
508	34.85
509	35.05
510	34.85
511	34.85
512	34.85
513	34.95
514	35.05
515	34.85
516	35.05
517	35.05
518	35.05
519	34.95
520	35.05
521	35.05
522	34.95
523	35.05
524	35.05
525	35.15
526	35.15
527	35.15
528	35.05
529	35.05
530	35.15
531	35.05
532	35.15
533	35.15
534	35.05
535	35.35
536	35.15
537	35.25
538	35.15
539	35.15
540	35.25
541	35.15
542	35.15
543	35.25
544	35.25
545	35.15
546	35.15
547	35.25
548	35.15
549	35.15
550	35.25
551	35.15
552	35.25
553	35.25
554	35.35
555	35.25
556	35.25
557	35.35
558	35.35
559	35.35
560	35.25
561	35.15
562	35.25
563	35.15
564	35.25
565	35.45
566	35.35
567	35.35
568	35.55
569	35.45
570	35.35
571	35.45
572	35.35
573	35.45
574	35.45
575	35.45
576	35.45
577	35.55
578	35.45
579	35.55
580	35.35
581	35.45
582	35.55
583	35.55
584	35.55
585	35.55
586	35.55
587	35.65
588	35.55
589	35.65
590	35.45
591	35.65
592	35.55
593	35.55
594	35.55
595	35.65
596	35.65
597	35.65
598	35.65
599	35.65
600	35.55
601	35.65
602	35.75
603	35.65
604	35.55
605	35.95
606	35.75
607	35.75
608	35.65
609	35.65
610	35.65
611	35.75
612	35.75
613	35.75
614	35.65
615	35.75
616	35.75
617	35.75
618	35.75
619	36.05
620	36.05
621	35.85
622	35.85
623	35.85
624	35.85
625	35.85
626	35.85
627	35.85
628	35.85
629	35.95
630	35.85
631	35.85
632	35.85
633	35.95
634	35.85
635	35.95
636	35.85
637	35.85
638	35.95
639	35.95
640	35.85
641	35.85
642	35.85
643	35.95
644	36.05
645	35.95
646	36.05
647	36.05
648	35.95
649	36.05
650	35.95
651	36.05
652	36.05
653	35.95
654	35.95
655	35.95
656	36.05
657	36.05
658	36.05
659	36.05
660	36.05
661	36.05
662	36.15
663	36.05
664	36.15
665	36.25
666	36.15
667	36.05
668	36.05
669	36.05
670	36.05
671	36.15
672	36.15
673	36.05
674	36.35
675	36.45
676	36.15
677	36.35
678	36.35
679	36.15
680	36.25
681	36.35
682	36.35
683	36.15
684	36.35
685	36.15
686	36.15
687	36.25
688	36.15
689	36.15
690	36.25
691	36.15
692	36.25
693	36.25
694	36.25
695	36.25
696	36.25
697	36.25
698	36.35
699	36.25
700	36.25
701	36.25
702	36.35
703	36.35
704	36.25
705	36.55
706	36.25
707	36.45
708	36.35
709	36.35
710	36.35
711	36.35
712	36.45
713	36.45
714	36.35
715	36.55
716	36.35
717	36.35
718	36.35
719	36.45
720	36.45
721	36.35
722	36.55
723	36.45
724	36.45
725	36.35
726	36.45
727	36.45
728	36.35
729	36.35
730	36.35
731	36.35
732	36.35
733	36.35
734	36.35
735	36.35
736	36.25
737	36.45
738	36.45
739	36.45
740	36.35
741	36.35
742	36.35
743	36.35
744	36.45
745	36.55
746	36.45
747	36.55
748	36.45
749	36.45
750	36.35
751	36.55
752	36.45
753	36.55
754	36.75
755	36.65
756	36.45
757	36.75
758	36.65
759	36.55
760	36.55
761	36.75
762	36.75
763	36.45
764	36.55
765	36.55
766	36.55
767	36.65
768	36.55
769	36.55
770	36.65
771	36.65
772	36.65
773	36.55
774	36.55
775	36.65
776	36.65
777	36.65
778	36.65
779	36.55
780	36.65
781	36.55
782	36.65
783	36.65
784	36.65
785	36.75
786	36.65
787	36.65
788	36.75
789	36.65
790	36.75
791	36.75
792	36.75
793	36.65
794	36.75
795	36.75
796	36.75
797	36.75
798	36.75
799	36.75
800	36.85
801	36.75
802	36.75
803	36.85
804	36.96
805	36.75
806	36.75
807	36.96
808	36.75
809	36.75
810	36.85
811	36.85
812	36.85
813	36.75
814	36.85
815	36.85
816	36.85
817	36.85
818	36.85
819	36.85
820	36.85
821	36.85
822	36.85
823	36.96
824	37.06
825	36.85
826	36.85
827	36.85
828	36.85
829	36.85
830	36.85
831	36.96
832	36.96
833	37.06
834	36.96
835	36.96
836	37.06
837	36.96
838	36.96
839	36.96
840	36.85
841	36.96
842	37.06
843	37.06
844	36.96
845	37.06
846	37.06
847	36.96
848	36.96
849	36.96
850	37.06
851	37.06
852	37.06
853	37.06
854	37.16
855	36.96
856	37.06
857	37.06
858	37.26
859	37.06
860	37.06
861	37.16
862	37.26
863	37.06
864	37.06
865	37.06
866	37.16
867	37.16
868	36.96
869	37.06
870	37.16
871	37.06
872	37.06
873	37.16
874	37.06
875	37.26
876	37.06
877	37.16
878	37.16
879	37.36
880	37.16
881	37.06
882	37.06
883	37.26
884	37.16
885	37.06
886	37.16
887	37.16
888	37.16
889	37.26
890	37.16
891	37.06
892	37.36
893	37.16
894	37.16
895	37.36
896	37.47
897	37.16
898	37.16
899	37.16
900	37.16
901	37.36
902	37.26
903	37.26
904	37.47
905	37.36
906	37.26
907	37.26
908	37.26
909	37.16
910	37.16
911	37.16
912	37.16
913	37.16
914	37.26
915	37.26
916	37.36
917	37.26
918	37.26
919	37.36
920	37.26
921	37.36
922	37.26
923	37.36
924	37.26
925	37.26
926	37.36
927	37.26
928	37.26
929	37.26
930	37.36
931	37.36
932	37.36
933	37.36
934	37.36
935	37.36
936	37.47
937	37.47
938	37.57
939	37.36
940	37.47
941	37.36
942	37.36
943	37.36
944	37.36
945	37.47
946	37.57
947	37.36
948	37.36
949	37.47
950	37.36
951	37.57
952	37.57
953	37.36
954	37.36
955	37.36
956	37.47
957	37.36
958	37.36
959	37.47
960	37.47
961	37.47
962	37.57
963	37.47
964	37.57
965	37.57
966	37.67
967	37.57
968	37.47
969	37.67
970	37.57
971	37.57
972	37.57
973	37.47
974	37.57
975	37.47
976	37.57
977	37.57
978	37.57
979	37.47
980	37.57
981	37.57
982	37.57
983	37.67
984	37.57
985	37.57
986	37.67
987	37.67
988	37.57
989	37.57
990	37.57
991	37.67
992	37.67
993	37.57
994	37.57
995	37.67
996	37.67
997	37.57
998	37.57
999	37.57
1000	37.57
1001	37.67
1002	37.57
1003	37.67
1004	37.57
1005	37.67
1006	37.67
1007	37.57
1008	37.57
1009	37.67
1010	37.77
1011	37.67
1012	37.67
1013	37.67
1014	37.67
1015	37.67
1016	37.57
1017	37.67
1018	37.57
1019	37.67
1020	37.57
1021	37.57
1022	37.67
1023	37.67
1024	37.67
1025	37.67
1026	37.77
1027	37.67
1028	37.67
1029	38.08
1030	37.67
1031	37.67
1032	37.67
1033	37.77
1034	37.67
1035	37.77
1036	37.67
1037	37.67
1038	37.77
1039	37.88
1040	37.77
1041	37.77
1042	37.77
1043	37.88
1044	37.88
1045	37.77
1046	37.67
1047	37.77
1048	37.88
1049	37.77
1050	37.88
1051	37.77
1052	37.77
1053	37.77
1054	37.88
1055	37.77
1056	37.77
1057	37.88
1058	37.88
1059	37.88
1060	37.98
1061	37.98
1062	37.77
1063	37.88
1064	37.88
1065	37.88
1066	37.98
1067	37.88
1068	37.88
1069	37.77
1070	37.88
1071	37.88
1072	37.88
1073	37.88
1074	37.88
1075	37.88
1076	37.88
1077	37.88
1078	37.88
1079	37.88
1080	37.98
1081	37.88
1082	37.88
1083	37.98
1084	37.88
1085	37.88
1086	38.08
1087	37.88
1088	37.98
1089	37.98
1090	37.88
1091	37.88
1092	37.88
1093	37.98
1094	37.88
1095	37.98
1096	38.08
1097	37.98
1098	37.88
1099	37.98
1100	37.88
1101	37.88
1102	37.88
1103	37.88
1104	37.88
1105	37.98
1106	37.88
1107	37.98
1108	37.88
1109	37.88
1110	38.19
1111	37.98
1112	37.98
1113	37.98
1114	37.98
1115	37.98
1116	38.08
1117	37.98
1118	37.98
1119	37.98
1120	38.08
1121	38.08
1122	37.98
1123	38.19
1124	38.08
1125	37.98
1126	38.08
1127	37.98
1128	38.08
1129	37.98
1130	37.98
1131	38.08
1132	38.08
1133	38.08
1134	38.08
1135	37.98
1136	37.98
1137	38.29
1138	38.08
1139	38.19
1140	38.08
1141	38.19
1142	38.08
1143	38.08
1144	38.08
1145	38.08
1146	38.08
1147	37.98
1148	38.29
1149	38.08
1150	38.08
1151	38.08
1152	38.19
1153	38.19
1154	38.19
1155	38.19
1156	38.19
1157	38.08
1158	38.19
1159	38.08
1160	38.19
1161	38.08
1162	38.08
1163	38.08
1164	38.19
1165	38.29
1166	38.50
1167	38.19
1168	38.29
1169	38.08
1170	38.19
1171	38.29
1172	38.19
1173	38.08
1174	38.29
1175	38.08
1176	38.29
1177	38.19
1178	38.19
1179	38.19
1180	38.08
1181	37.88
1182	37.98
1183	38.19
1184	38.08
1185	38.08
1186	37.98
1187	38.08
1188	38.19
1189	38.08
1190	38.19
1191	38.29
1192	38.40
1193	38.19
1194	38.19
1195	38.19
1196	38.19
1197	38.29
1198	38.29
1199	38.08
1200	38.19
1201	38.19
1202	38.19
1203	38.19
1204	38.19
1205	38.29
1206	38.29
1207	38.19
1208	38.29
1209	38.19
1210	38.19
1211	38.29
1212	38.19
1213	38.19
1214	38.29
1215	38.19
1216	38.29
1217	38.40
1218	38.40
1219	38.29
1220	38.29
1221	38.29
1222	38.29
1223	38.40
1224	38.40
1225	38.29
1226	38.29
1227	38.29
1228	38.40
1229	38.19
1230	38.29
1231	38.29
1232	38.40
1233	38.29
1234	38.40
1235	38.50
1236	38.60
1237	38.29
1238	38.29
1239	38.29
1240	38.40
1241	38.29
1242	38.29
1243	38.29
1244	38.50
1245	38.50
1246	38.40
1247	38.40
1248	38.29
1249	38.40
1250	38.50
1251	38.40
1252	38.29
1253	38.40
1254	38.40
1255	38.40
1256	38.50
1257	38.50
1258	38.40
1259	38.40
1260	38.29
1261	38.40
1262	38.71
1263	38.40
1264	38.50
1265	38.40
1266	38.50
1267	38.40
1268	38.50
1269	38.60
1270	38.40
1271	38.40
1272	38.40
1273	38.50
1274	38.50
1275	38.50
1276	38.50
1277	38.50
1278	38.40
1279	38.40
1280	38.40
1281	38.40
1282	38.60
1283	38.40
1284	38.60
1285	38.50
1286	38.60
1287	38.60
1288	38.50
1289	38.50
1290	38.50
1291	38.50
1292	38.40
1293	38.50
1294	38.50
1295	38.40
1296	38.50
1297	38.40
1298	38.92
1299	38.40
1300	38.40
1301	38.40
1302	38.40
1303	38.40
1304	38.40
1305	38.50
1306	38.50
1307	38.50
1308	38.50
1309	38.71
1310	38.81
1311	38.50
1312	38.50
1313	38.60
1314	38.50
1315	38.50
1316	38.60
1317	38.60
1318	38.50
1319	38.50
1320	38.50
1321	38.50
1322	38.50
1323	38.60
1324	38.50
1325	38.60
1326	38.50
1327	38.50
1328	38.50
1329	38.60
1330	38.50
1331	38.60
1332	38.60
1333	38.50
1334	38.60
1335	38.71
1336	38.60
1337	38.60
1338	38.50
1339	38.50
1340	38.60
1341	38.60
1342	38.71
1343	38.50
1344	38.60
1345	38.50
1346	38.71
1347	38.60
1348	38.50
1349	38.71
1350	38.60
1351	38.60
1352	38.71
1353	38.60
1354	38.60
1355	38.60
1356	38.60
1357	38.71
1358	38.60
1359	38.81
1360	38.92
1361	38.60
1362	38.60
1363	38.60
1364	38.60
1365	38.71
1366	38.60
1367	38.71
1368	38.60
1369	38.81
1370	38.60
1371	38.71
1372	38.71
1373	38.60
1374	38.71
1375	38.81
1376	38.60
1377	38.60
1378	38.81
1379	38.60
1380	38.60
1381	38.71
1382	38.71
1383	38.71
1384	38.60
1385	38.71
1386	38.71
1387	38.71
1388	38.71
1389	38.50
1390	38.50
1391	38.40
1392	38.40
1393	38.50
1394	38.60
1395	38.60
1396	38.60
1397	38.50
1398	38.60
1399	38.60
1400	38.60
1401	38.50
1402	38.71
1403	38.60
1404	38.71
1405	38.60
1406	38.81
1407	38.60
1408	38.71
1409	38.81
1410	38.71
1411	38.92
1412	38.81
1413	38.60
1414	38.71
1415	38.60
1416	38.60
1417	38.71
1418	38.60
1419	38.60
1420	38.71
1421	38.92
1422	38.71
1423	38.60
1424	38.60
1425	38.71
1426	38.71
1427	38.81
1428	38.71
1429	38.71
1430	38.71
1431	38.71
1432	38.60
1433	38.92
1434	38.81
1435	38.81
1436	38.71
1437	38.81
1438	38.71
1439	38.71
1440	38.71
1441	38.81
1442	38.92
1443	38.71
1444	38.81
1445	38.92
1446	38.81
1447	38.71
1448	38.81
1449	38.71
1450	38.81
1451	38.71
1452	38.81
1453	38.71
1454	38.81
1455	38.81
1456	38.71
1457	38.71
1458	38.92
1459	38.71
1460	38.71
1461	38.71
1462	38.81
1463	38.92
1464	38.71
1465	38.71
1466	38.81
1467	38.81
1468	38.81
1469	38.71
1470	38.71
1471	38.71
1472	38.92
1473	38.81
1474	38.92
1475	38.81
1476	38.71
1477	38.81
1478	39.13
1479	38.71
1480	38.81
1481	38.92
1482	38.81
1483	38.81
1484	38.81
1485	38.81
1486	38.92
1487	38.92
1488	38.81
1489	38.81
1490	38.92
1491	38.81
1492	38.81
1493	38.71
1494	38.92
1495	38.71
1496	38.81
1497	39.02
1498	38.92
1499	39.02
1500	38.81
1501	39.02
1502	38.81
1503	38.81
1504	38.92
1505	38.81
1506	38.81
1507	39.02
1508	38.92
1509	38.92
1510	38.92
1511	38.81
1512	38.92
1513	38.92
1514	38.92
1515	38.92
1516	38.92
1517	38.92
1518	38.92
1519	38.81
1520	38.92
1521	38.92
1522	38.92
1523	38.81
1524	39.02
1525	38.81
1526	38.92
1527	38.92
1528	38.92
1529	38.92
1530	38.81
1531	38.92
1532	38.92
1533	38.92
1534	39.02
1535	38.92
1536	38.92
1537	39.02
1538	38.92
1539	38.81
1540	38.81
1541	38.71
1542	38.81
1543	38.71
1544	38.81
1545	38.71
1546	38.92
1547	38.81
1548	39.02
1549	38.92
1550	38.92
1551	38.81
1552	38.81
1553	38.92
1554	38.92
1555	38.81
1556	38.92
1557	38.81
1558	38.92
1559	39.13
1560	38.92
1561	38.81
1562	38.92
1563	38.92
1564	38.81
1565	38.81
1566	38.92
1567	38.81
1568	38.92
1569	38.81
1570	38.92
1571	39.02
1572	38.92
1573	38.81
1574	38.92
1575	38.92
1576	39.02
1577	38.92
1578	38.92
1579	38.92
1580	38.92
1581	38.92
1582	38.81
1583	38.92
1584	39.24
1585	38.81
1586	38.81
1587	38.92
1588	38.92
1589	39.13
1590	38.92
1591	38.81
1592	39.02
1593	38.92
1594	38.92
1595	39.13
1596	38.92
1597	38.81
1598	38.81
1599	38.92
1600	38.92
1601	38.92
1602	38.92
1603	38.81
1604	38.92
1605	38.92
1606	38.81
1607	38.92
1608	39.02
1609	39.02
1610	38.92
1611	38.92
1612	38.92
1613	39.02
1614	38.92
1615	38.81
1616	38.92
1617	38.92
1618	38.81
1619	39.02
1620	38.81
1621	39.02
1622	39.02
1623	39.02
1624	38.81
1625	38.92
1626	38.92
1627	39.02
1628	38.92
1629	39.02
1630	38.92
1631	39.02
1632	38.92
1633	38.92
1634	38.81
1635	38.81
1636	38.92
1637	38.81
1638	38.92
1639	38.92
1640	38.92
1641	38.92
1642	39.02
1643	38.92
1644	39.02
1645	39.02
1646	39.13
1647	38.92
1648	38.92
1649	38.92
1650	38.92
1651	39.02
1652	39.02
1653	38.92
1654	38.92
1655	38.92
1656	39.02
1657	38.92
1658	39.02
1659	38.92
1660	38.92
1661	39.02
1662	39.02
1663	39.02
1664	39.02
1665	38.92
1666	38.92
1667	39.13
1668	38.92
1669	38.92
1670	39.02
1671	39.02
1672	38.92
1673	38.92
1674	39.02
1675	38.92
1676	39.02
1677	39.13
1678	39.02
1679	39.02
1680	39.02
1681	38.92
1682	39.02
1683	39.13
1684	39.13
1685	39.02
1686	38.92
1687	38.92
1688	39.02
1689	39.02
1690	38.92
1691	39.02
1692	39.24
1693	39.02
1694	39.02
1695	39.02
1696	39.02
1697	39.02
1698	39.02
1699	39.02
1700	39.02
1701	39.02
1702	39.13
1703	39.02
1704	39.02
1705	38.92
1706	39.02
1707	38.92
1708	39.02
1709	39.02
1710	39.13
1711	39.02
1712	39.02
1713	39.02
1714	39.02
1715	39.02
1716	39.02
1717	39.02
1718	39.02
1719	39.13
1720	39.13
1721	39.13
1722	39.02
1723	39.13
1724	39.02
1725	39.13
1726	39.02
1727	39.02
1728	39.13
1729	39.02
1730	39.13
1731	39.02
1732	38.92
1733	39.13
1734	39.02
1735	39.13
1736	39.13
1737	39.13
1738	39.02
1739	39.02
1740	39.13
1741	39.02
1742	39.13
1743	39.02
1744	39.13
1745	39.13
1746	39.13
1747	39.02
1748	39.02
1749	39.13
1750	39.13
1751	39.02
1752	39.02
1753	39.13
1754	39.24
1755	39.13
1756	39.02
1757	38.92
1758	38.92
1759	38.92
1760	39.02
1761	39.02
1762	39.02
1763	39.02
1764	39.13
1765	39.02
1766	39.13
1767	39.13
1768	39.02
1769	39.02
1770	39.13
1771	39.13
1772	39.02
1773	39.13
1774	39.13
1775	39.02
1776	39.02
1777	39.02
1778	39.13
1779	39.02
1780	39.24
1781	39.13
1782	39.24
1783	39.13
1784	39.13
1785	39.02
1786	39.13
1787	39.13
1788	39.45
1789	39.13
1790	39.13
1791	39.24
1792	39.13
1793	39.13
1794	39.55
1795	39.24
1796	39.34
1797	39.24
1798	39.13
1799	39.24
1800	39.87
1801	38.60
1802	38.71
1803	38.71
1804	38.60
1805	38.71
1806	38.71
1807	38.60
1808	38.71
1809	38.71
1810	38.60
1811	38.60
1812	38.71
1813	38.60
1814	38.60
1815	38.60
1816	38.71
1817	38.71
1818	38.60
1819	38.60
1820	38.60
1821	38.50
1822	38.50
1823	38.50
1824	38.50
1825	38.50
1826	38.50
1827	38.50
1828	38.40
1829	38.40
1830	38.40
1831	38.40
1832	38.40
1833	38.40
1834	38.40
1835	38.40
1836	38.40
1837	38.40
1838	38.29
1839	38.40
1840	38.29
1841	38.40
1842	38.19
1843	38.19
1844	38.19
1845	38.29
1846	38.29
1847	38.08
1848	38.19
1849	38.19
1850	38.19
1851	38.08
1852	38.08
1853	38.08
1854	37.98
1855	37.98
1856	37.98
1857	37.88
1858	37.98
1859	37.98
1860	37.88
1861	37.98
1862	37.88
1863	37.88
1864	37.77
1865	37.88
1866	37.88
1867	37.77
1868	37.88
1869	37.77
1870	37.77
1871	37.67
1872	37.77
1873	37.67
1874	37.57
1875	37.67
1876	37.57
1877	37.67
1878	37.57
1879	37.57
1880	37.47
1881	37.57
1882	37.47
1883	37.36
1884	37.26
1885	37.47
1886	37.36
1887	37.36
1888	37.36
1889	37.36
1890	37.36
1891	37.36
1892	37.26
1893	37.26
1894	37.16
1895	37.16
1896	37.16
1897	37.16
1898	37.26
1899	37.26
1900	37.16
1901	37.16
1902	37.16
1903	37.16
1904	37.16
1905	37.06
1906	37.06
1907	37.06
1908	37.06
1909	37.06
1910	37.06
1911	36.96
1912	36.85
1913	36.85
1914	36.85
1915	36.85
1916	36.85
1917	36.85
1918	36.85
1919	36.85
1920	36.75
1921	36.75
1922	36.75
1923	36.85
1924	36.65
1925	36.65
1926	36.75
1927	36.75
1928	36.65
1929	36.65
1930	36.65
1931	36.55
1932	36.55
1933	36.65
1934	36.55
1935	36.55
1936	36.65
1937	36.55
1938	36.55
1939	36.45
1940	36.45
1941	36.45
1942	36.45
1943	36.45
1944	36.35
1945	36.45
1946	36.35
1947	36.35
1948	36.25
1949	36.35
1950	36.25
1951	36.25
1952	36.25
1953	36.25
1954	36.25
1955	36.15
1956	36.25
1957	36.15
1958	36.25
1959	36.15
1960	36.05
1961	36.15
1962	36.05
1963	36.05
1964	36.05
1965	36.05
1966	35.95
1967	36.05
1968	36.05
1969	35.95
1970	36.05
1971	35.95
1972	35.95
1973	35.85
1974	35.95
1975	35.95
1976	35.85
1977	35.85
1978	35.85
1979	35.85
1980	35.75
1981	35.75
1982	35.85
1983	35.75
1984	35.75
1985	35.75
1986	35.65
1987	35.75
1988	35.75
1989	35.65
1990	35.65
1991	35.65
1992	35.65
1993	35.65
1994	35.65
1995	35.55
1996	35.55
1997	35.55
1998	35.45
1999	35.55
2000	35.55
2001	35.55
2002	35.55
2003	35.55
2004	35.35
2005	35.15
2006	35.15
2007	35.25
2008	35.25
2009	35.35
2010	35.15
2011	35.15
2012	35.15
2013	35.25
2014	35.25
2015	35.25
2016	35.25
2017	35.25
2018	35.25
2019	35.25
2020	35.15
2021	35.15
2022	35.15
2023	35.15
2024	35.15
2025	35.15
2026	35.15
2027	35.05
2028	35.05
2029	35.05
2030	35.05
2031	35.05
2032	34.95
2033	35.05
2034	35.05
2035	35.05
2036	35.05
2037	35.05
2038	34.95
2039	34.95
2040	34.95
2041	34.95
2042	34.85
2043	34.85
2044	34.85
2045	34.85
2046	34.85
2047	34.85
2048	34.85
2049	34.76
2050	34.76
2051	34.76
2052	34.76
2053	34.66
2054	34.76
2055	34.76
2056	34.66
2057	34.76
2058	34.66
2059	34.66
2060	34.66
2061	34.56
2062	34.66
2063	34.56
2064	34.56
2065	34.46
2066	34.56
2067	34.46
2068	34.46
2069	34.46
2070	34.46
2071	34.36
2072	34.46
2073	34.46
2074	34.36
2075	34.36
2076	34.36
2077	34.36
2078	34.36
2079	34.27
2080	34.36
2081	34.27
2082	34.36
2083	34.27
2084	34.27
2085	34.27
2086	34.17
2087	34.27
2088	34.27
2089	34.17
2090	34.07
2091	34.17
2092	34.17
2093	34.07
2094	34.17
2095	34.07
2096	33.97
2097	33.97
2098	34.07
2099	33.97
2100	33.97
2101	33.97
2102	33.97
2103	34.07
2104	33.97
2105	33.97
2106	33.97
2107	33.88
2108	33.88
2109	33.97
2110	33.97
2111	33.88
2112	33.88
2113	33.88
2114	33.88
2115	33.78
2116	33.78
2117	33.78
2118	33.78
2119	33.78
2120	33.78
2121	33.78
2122	33.78
2123	33.68
2124	33.68
2125	33.68
2126	33.68
2127	33.68
2128	33.68
2129	33.68
2130	33.68
2131	33.68
2132	33.68
2133	33.68
2134	33.68
2135	33.68
2136	33.68
2137	33.68
2138	33.68
2139	33.68
2140	33.49
2141	33.49
2142	33.49
2143	33.49
2144	33.49
2145	33.49
2146	33.49
2147	33.49
2148	33.49
2149	33.39
2150	33.39
2151	33.39
2152	33.39
2153	33.39
2154	33.30
2155	33.10
2156	33.20
2157	33.20
2158	33.30
2159	33.20
2160	33.30
2161	33.30
2162	33.20
2163	33.20
2164	33.30
2165	33.30
2166	33.20
2167	33.20
2168	33.30
2169	33.30
2170	33.20
2171	33.20
2172	33.20
2173	33.30
2174	33.20
2175	33.20
2176	33.20
2177	33.10
2178	33.10
2179	33.20
2180	33.10
2181	33.10
2182	33.10
2183	33.01
2184	33.10
2185	33.10
2186	33.01
2187	33.01
2188	33.10
2189	33.01
2190	33.01
2191	33.10
2192	33.01
2193	33.01
2194	32.91
2195	33.01
2196	33.01
2197	32.91
2198	33.01
2199	32.91
2200	32.91
2201	33.01
2202	32.91
2203	32.91
2204	32.91
2205	32.91
2206	32.81
2207	32.91
2208	32.81
2209	32.81
2210	32.81
2211	32.81
2212	32.81
2213	32.81
2214	32.72
2215	32.81
2216	32.72
2217	32.81
2218	32.72
2219	32.72
2220	32.72
2221	32.72
2222	32.72
2223	32.72
2224	32.72
2225	32.72
2226	32.72
2227	32.62
2228	32.72
2229	32.62
2230	32.62
2231	32.62
2232	32.72
2233	32.62
2234	32.62
2235	32.62
2236	32.62
2237	32.53
2238	32.62
2239	32.53
2240	32.62
2241	32.53
2242	32.53
2243	32.53
2244	32.53
2245	32.43
2246	32.53
2247	32.53
2248	32.43
2249	32.43
2250	32.43
2251	32.43
2252	32.43
2253	32.53
2254	32.43
2255	32.34
2256	32.34
2257	32.43
2258	32.34
2259	32.34
2260	32.34
2261	32.43
2262	32.34
2263	32.34
2264	32.24
2265	32.24
2266	32.34
2267	32.34
2268	32.24
2269	32.24
2270	32.24
2271	32.24
2272	32.34
2273	32.24
2274	32.24
2275	32.24
2276	32.15
2277	32.15
2278	32.24
2279	32.24
2280	32.24
2281	32.24
2282	32.15
2283	32.15
2284	32.15
2285	32.15
2286	32.15
2287	32.15
2288	32.15
2289	32.15
2290	32.15
2291	32.15
2292	32.15
2293	32.05
2294	32.05
2295	32.05
2296	32.05
2297	32.05
2298	32.05
2299	32.05
2300	32.05
2301	32.05
2302	32.05
2303	32.05
2304	31.96
2305	32.05
2306	31.96
2307	32.05
2308	32.05
2309	31.96
2310	31.86
2311	31.77
2312	31.77
2313	31.77
2314	31.86
2315	31.86
2316	31.86
2317	31.77
2318	31.77
2319	31.77
2320	31.86
2321	31.86
2322	31.86
2323	31.77
2324	31.77
2325	31.77
2326	31.77
2327	31.77
2328	31.67
2329	31.77
2330	31.77
2331	31.77
2332	31.77
2333	31.67
2334	31.67
2335	31.67
2336	31.77
2337	31.67
2338	31.67
2339	31.67
2340	31.67
2341	31.58
2342	31.58
2343	31.67
2344	31.67
2345	31.58
2346	31.67
2347	31.67
2348	31.67
2349	31.58
2350	31.58
2351	31.58
2352	31.58
2353	31.58
2354	31.58
2355	31.58
2356	31.48
2357	31.58
2358	31.58
2359	31.58
2360	31.58
2361	31.58
2362	31.48
2363	31.58
2364	31.58
2365	31.48
2366	31.58
2367	31.48
2368	31.48
2369	31.39
2370	31.48
2371	31.48
2372	31.39
2373	31.48
2374	31.39
2375	31.48
2376	31.48
2377	31.39
2378	31.39
2379	31.39
2380	31.39
2381	31.48
2382	31.39
2383	31.39
2384	31.30
2385	31.39
2386	31.39
2387	31.39
2388	31.39
2389	31.39
2390	31.39
2391	31.30
2392	31.39
2393	31.30
2394	31.39
2395	31.30
2396	31.39
2397	31.30
2398	31.30
2399	31.30
2400	31.30
2401	31.20
2402	31.30
2403	31.20
2404	31.30
2405	31.20
2406	31.20
2407	31.20
2408	31.20
2409	31.20
2410	31.20
2411	31.20
2412	31.20
2413	31.20
2414	31.20
2415	31.11
2416	31.20
2417	31.11
2418	31.20
2419	31.11
2420	31.20
2421	31.11
2422	31.11
2423	31.11
2424	31.11
2425	31.11
2426	31.11
2427	31.11
2428	31.11
2429	31.11
2430	31.01
2431	31.11
2432	31.11
2433	31.01
2434	31.11
2435	31.01
2436	31.01
2437	31.01
2438	31.11
2439	31.01
2440	31.01
2441	31.01
2442	31.01
2443	31.01
2444	31.01
2445	31.01
2446	30.92
2447	30.92
2448	31.01
2449	31.01
2450	30.92
2451	30.92
2452	31.01
2453	30.92
2454	30.92
2455	30.92
2456	30.92
2457	30.92
2458	30.92
2459	30.92
2460	30.83
2461	30.83
2462	30.92
2463	30.92
2464	30.92
2465	30.83
2466	30.83
2467	30.92
2468	30.83
2469	30.83
2470	30.83
2471	30.83
2472	30.83
2473	30.73
2474	30.83
2475	30.83
2476	30.83
2477	30.83
2478	30.83
2479	30.73
2480	30.73
2481	30.73
2482	30.83
2483	30.83
2484	30.83
2485	30.83
2486	30.73
2487	30.73
2488	30.73
2489	30.73
2490	30.73
2491	30.73
2492	30.64
2493	30.64
2494	30.64
2495	30.64
2496	30.64
2497	30.64
2498	30.64
2499	30.64
2500	30.64
2501	30.64
2502	30.64
2503	30.64
2504	30.64
2505	30.64
2506	30.64
2507	30.55
2508	30.64
2509	30.55
2510	30.55
2511	30.55
2512	30.55
2513	30.55
2514	30.55
2515	30.55
2516	30.55
2517	30.55
2518	30.55
2519	30.55
2520	30.64
2521	30.64
2522	30.64
2523	30.64
2524	30.64
2525	30.45
2526	30.45
2527	30.55
2528	30.55
2529	30.55
2530	30.55
2531	30.55
2532	30.55
2533	30.55
2534	30.55
2535	30.55
2536	30.55
2537	30.45
2538	30.45
2539	30.45
2540	30.45
2541	30.45
2542	30.45
2543	30.45
2544	30.45
2545	30.45
2546	30.36
2547	30.36
2548	30.36
2549	30.36
2550	30.45
2551	30.45
2552	30.45
2553	30.45
2554	30.45
2555	30.36
2556	30.36
2557	30.36
2558	30.36
2559	30.36
2560	30.36
2561	30.36
2562	30.36
2563	30.27
2564	30.27
2565	30.36
2566	30.27
2567	30.36
2568	30.36
2569	30.36
2570	30.27
2571	30.27
2572	30.27
2573	30.27
2574	30.27
2575	30.27
2576	30.17
2577	30.27
2578	30.27
2579	30.27
2580	30.27
2581	30.17
2582	30.17
2583	30.27
2584	30.27
2585	30.27
2586	30.17
2587	30.17
2588	30.17
2589	30.17
2590	30.27
2591	30.17
2592	30.17
2593	30.17
2594	30.27
2595	30.27
2596	30.17
2597	30.17
2598	30.17
2599	30.17
2600	30.08
2601	30.17
2602	30.17
2603	30.08
2604	30.08
2605	30.17
2606	30.08
2607	30.08
2608	30.17
2609	30.08
2610	30.08
2611	30.17
2612	30.08
2613	30.08
2614	30.08
2615	30.08
2616	30.08
2617	30.08
2618	29.99
2619	30.08
2620	29.99
2621	29.99
2622	30.08
2623	29.99
2624	29.99
2625	29.90
2626	29.99
2627	29.99
2628	29.99
2629	29.99
2630	29.99
2631	29.99
2632	29.90
2633	29.99
2634	29.90
2635	29.99
2636	29.99
2637	29.99
2638	29.99
2639	29.90
2640	29.99
2641	29.90
2642	29.99
2643	29.90
2644	29.90
2645	29.90
2646	29.90
2647	29.90
2648	29.90
2649	29.99
2650	29.90
2651	29.99
2652	29.90
2653	29.90
2654	29.90
2655	29.90
2656	29.90
2657	29.90
2658	29.90
2659	29.90
2660	29.80
2661	29.90
2662	29.80
2663	29.90
2664	29.80
2665	29.90
2666	29.80
2667	29.90
2668	29.80
2669	29.90
2670	29.80
2671	29.71
2672	29.80
2673	29.80
2674	29.80
2675	29.71
2676	29.80
2677	29.71
2678	29.80
2679	29.71
2680	29.80
2681	29.80
2682	29.80
2683	29.80
2684	29.71
2685	29.80
2686	29.71
2687	29.80
2688	29.71
2689	29.71
2690	29.71
2691	29.71
2692	29.71
2693	29.71
2694	29.71
2695	29.71
2696	29.71
2697	29.71
2698	29.71
2699	29.62
2700	29.71
2701	29.71
2702	29.62
2703	29.71
2704	29.62
2705	29.71
2706	29.62
2707	29.62
2708	29.71
2709	29.62
2710	29.71
2711	29.62
2712	29.62
2713	29.71
2714	29.62
2715	29.62
2716	29.62
2717	29.62
2718	29.62
2719	29.62
2720	29.62
2721	29.53
2722	29.62
2723	29.62
2724	29.53
2725	29.62
2726	29.62
2727	29.53
2728	29.62
2729	29.53
2730	29.62
2731	29.53
2732	29.53
2733	29.62
2734	29.53
2735	29.62
2736	29.53
2737	29.62
2738	29.53
2739	29.62
2740	29.53
2741	29.62
2742	29.53
2743	29.43
2744	29.53
2745	29.53
2746	29.53
2747	29.53
2748	29.53
2749	29.53
2750	29.43
2751	29.53
2752	29.43
2753	29.53
2754	29.43
2755	29.53
2756	29.43
2757	29.43
2758	29.53
2759	29.43
2760	29.53
2761	29.43
2762	29.43
2763	29.53
2764	29.43
2765	29.53
2766	29.43
2767	29.43
2768	29.43
2769	29.43
2770	29.43
2771	29.43
2772	29.43
2773	29.43
2774	29.43
2775	29.34
2776	29.43
2777	29.43
2778	29.43
2779	29.43
2780	29.34
2781	29.43
2782	29.43
2783	29.34
2784	29.43
2785	29.43
2786	29.34
2787	29.34
2788	29.43
2789	29.34
2790	29.34
2791	29.34
2792	29.34
2793	29.34
2794	29.34
2795	29.34
2796	29.34
2797	29.34
2798	29.34
2799	29.34
2800	29.34
2801	29.34
2802	29.34
2803	29.34
2804	29.25
2805	29.25
2806	29.34
2807	29.34
2808	29.25
2809	29.25
2810	29.34
2811	29.25
2812	29.25
2813	29.25
2814	29.34
2815	29.25
2816	29.25
2817	29.25
2818	29.25
2819	29.25
2820	29.25
2821	29.25
2822	29.16
2823	29.25
2824	29.25
2825	29.25
2826	29.25
2827	29.16
2828	29.25
2829	29.25
2830	29.25
2831	29.16
2832	29.25
2833	29.25
2834	29.16
2835	29.16
2836	29.25
2837	29.25
2838	29.16
2839	29.16
2840	29.25
2841	29.16
2842	29.16
2843	29.16
2844	29.16
2845	29.25
2846	29.16
2847	29.16
2848	29.16
2849	29.16
2850	29.07
2851	29.16
2852	29.16
2853	29.16
2854	29.16
2855	29.07
2856	29.07
2857	29.16
2858	29.16
2859	29.16
2860	29.07
2861	29.07
2862	29.07
2863	29.16
2864	29.16
2865	29.16
2866	29.16
2867	29.16
2868	29.16
2869	29.16
2870	29.16
2871	29.16
2872	29.07
2873	29.16
2874	29.07
2875	29.07
2876	29.07
2877	29.07
2878	29.07
2879	29.07
2880	28.97
2881	29.07
2882	29.07
2883	29.07
2884	29.07
2885	29.07
2886	29.07
2887	29.07
2888	28.97
2889	28.97
2890	28.97
2891	28.97
2892	29.07
2893	29.07
2894	29.07
2895	29.07
2896	29.07
2897	29.07
2898	29.07
2899	28.97
2900	28.97
2901	28.97
2902	28.97
2903	28.97
2904	28.97
2905	28.97
2906	28.97
2907	28.97
2908	28.97
2909	28.97
2910	28.88
2911	28.88
2912	28.88
2913	28.88
2914	28.97
2915	28.97
2916	28.88
2917	28.88
2918	28.88
2919	28.97
2920	28.97
2921	28.97
2922	28.97
2923	28.97
2924	28.88
2925	28.88
2926	28.88
2927	28.97
2928	28.97
2929	28.88
2930	28.88
2931	28.88
2932	28.88
2933	28.88
2934	28.97
2935	28.88
2936	28.88
2937	28.88
2938	28.88
2939	28.88
2940	28.79
2941	28.79
2942	28.79
2943	28.88
2944	28.88
2945	28.79
2946	28.79
2947	28.79
2948	28.88
2949	28.88
2950	28.79
2951	28.79
2952	28.79
2953	28.88
2954	28.88
2955	28.79
2956	28.79
2957	28.79
2958	28.88
2959	28.79
2960	28.79
2961	28.79
2962	28.79
2963	28.88
2964	28.79
2965	28.79
2966	28.79
2967	28.79
2968	28.79
2969	28.79
2970	28.79
2971	28.79
2972	28.70
2973	28.79
2974	28.79
2975	28.79
2976	28.70
2977	28.79
2978	28.79
2979	28.70
2980	28.70
2981	28.79
2982	28.79
2983	28.70
2984	28.70
2985	28.70
2986	28.79
2987	28.70
2988	28.70
2989	28.70
2990	28.79
2991	28.70
2992	28.70
2993	28.70
2994	28.79
2995	28.70
2996	28.70
2997	28.70
2998	28.70
2999	28.70
3000	28.70
3001	28.70
3002	28.61
3003	28.70
3004	28.70
3005	28.61
3006	28.70
3007	28.70
3008	28.70
3009	28.61
3010	28.70
3011	28.70
3012	28.61
3013	28.61
3014	28.70
3015	28.70
3016	28.61
3017	28.70
3018	28.70
3019	28.61
3020	28.61
3021	28.70
3022	28.61
3023	28.61
3024	28.70
3025	28.61
3026	28.61
3027	28.61
3028	28.61
3029	28.61
3030	28.61
3031	28.61
3032	28.61
3033	28.61
3034	28.61
3035	28.61
3036	28.61
3037	28.52
3038	28.61
3039	28.61
3040	28.52
3041	28.61
3042	28.61
3043	28.52
3044	28.61
3045	28.61
3046	28.52
3047	28.61
3048	28.52
3049	28.52
3050	28.61
3051	28.52
3052	28.61
3053	28.61
3054	28.52
3055	28.52
3056	28.52
3057	28.52
3058	28.52
3059	28.52
3060	28.52
3061	28.61
3062	28.52
3063	28.52
3064	28.52
3065	28.52
3066	28.52
3067	28.52
3068	28.52
3069	28.52
3070	28.52
3071	28.52
3072	28.52
3073	28.52
3074	28.42
3075	28.52
3076	28.42
3077	28.52
3078	28.52
3079	28.52
3080	28.52
3081	28.42
3082	28.52
3083	28.42
3084	28.42
3085	28.52
3086	28.42
3087	28.52
3088	28.42
3089	28.52
3090	28.42
3091	28.42
3092	28.42
3093	28.42
3094	28.42
3095	28.42
3096	28.52
3097	28.42
3098	28.52
3099	28.42
3100	28.52
3101	28.42
3102	28.42
3103	28.42
3104	28.42
3105	28.42
3106	28.42
3107	28.33
3108	28.42
3109	28.42
3110	28.42
3111	28.33
3112	28.42
3113	28.33
3114	28.42
3115	28.33
3116	28.42
3117	28.42
3118	28.33
3119	28.42
3120	28.33
3121	28.42
3122	28.33
3123	28.33
3124	28.42
3125	28.33
3126	28.42
3127	28.33
3128	28.42
3129	28.33
3130	28.42
3131	28.33
3132	28.33
3133	28.33
3134	28.33
3135	28.33
3136	28.33
3137	28.33
3138	28.33
3139	28.33
3140	28.33
3141	28.33
3142	28.33
3143	28.33
3144	28.33
3145	28.33
3146	28.33
3147	28.24
3148	28.33
3149	28.24
3150	28.33
3151	28.24
3152	28.33
3153	28.24
3154	28.33
3155	28.24
3156	28.33
3157	28.24
3158	28.33
3159	28.33
3160	28.33
3161	28.24
3162	28.33
3163	28.24
3164	28.33
3165	28.24
3166	28.24
3167	28.24
3168	28.24
3169	28.33
3170	28.24
3171	28.33
3172	28.24
3173	28.24
3174	28.24
3175	28.33
3176	28.24
3177	28.24
3178	28.24
3179	28.24
3180	28.24
3181	28.24
3182	28.24
3183	28.24
3184	28.24
3185	28.24
3186	28.15
3187	28.24
3188	28.24
3189	28.24
3190	28.24
3191	28.24
3192	28.24
3193	28.15
3194	28.24
3195	28.15
3196	28.24
3197	28.24
3198	28.15
3199	28.24
3200	28.15
3201	28.24
3202	28.24
3203	28.15
3204	28.24
3205	28.15
3206	28.15
3207	28.24
3208	28.15
3209	28.15
3210	28.24
3211	28.15
3212	28.15
3213	28.24
3214	28.15
3215	28.15
3216	28.24
3217	28.15
3218	28.15
3219	28.24
3220	28.15
3221	28.15
3222	28.15
3223	28.15
3224	28.15
3225	28.15
3226	28.15
3227	28.15
3228	28.15
3229	28.24
3230	28.15
3231	28.15
3232	28.06
3233	28.15
3234	28.15
3235	28.06
3236	28.15
3237	28.15
3238	28.06
3239	28.15
3240	28.15
3241	28.06
3242	28.06
3243	28.15
3244	28.06
3245	28.06
3246	28.15
3247	28.15
3248	28.06
3249	28.06
3250	28.15
3251	28.15
3252	28.06
3253	28.15
3254	28.06
3255	28.06
3256	28.06
3257	28.15
3258	28.06
3259	28.06
3260	28.06
3261	28.15
3262	28.06
3263	28.06
3264	28.06
3265	28.15
3266	28.06
3267	28.06
3268	28.06
3269	27.97
3270	28.06
3271	28.06
3272	28.06
3273	27.97
3274	28.06
3275	28.06
3276	28.06
3277	28.06
3278	28.06
3279	28.06
3280	28.06
3281	27.97
3282	28.06
3283	28.06
3284	27.97
3285	27.97
3286	27.97
3287	28.06
3288	28.06
3289	27.97
3290	27.97
3291	28.06
3292	28.06
3293	27.97
3294	27.97
3295	27.97
3296	28.06
3297	27.97
3298	27.97
3299	27.97
3300	27.97
3301	28.06
3302	27.97
3303	27.97
3304	27.97
3305	27.97
3306	27.97
3307	27.97
3308	27.97
3309	27.97
3310	27.97
3311	27.97
3312	27.97
3313	27.97
3314	27.97
3315	27.97
3316	27.97
3317	27.97
3318	27.88
3319	27.88
3320	27.97
3321	27.97
3322	27.97
3323	27.97
3324	27.88
3325	27.97
3326	27.97
3327	27.88
3328	27.88
3329	27.88
3330	27.97
3331	27.97
3332	27.97
3333	27.88
3334	27.88
3335	27.88
3336	27.97
3337	27.97
3338	27.88
3339	27.88
3340	27.88
3341	27.97
3342	27.97
3343	27.88
3344	27.88
3345	27.88
3346	27.88
3347	27.88
3348	27.97
3349	27.88
3350	27.88
3351	27.88
3352	27.88
3353	27.88
3354	27.97
3355	27.88
3356	27.88
3357	27.88
3358	27.88
3359	27.88
3360	27.88
3361	27.88
3362	27.88
3363	27.88
3364	27.88
3365	27.88
3366	27.79
3367	27.79
3368	27.88
3369	27.88
3370	27.88
3371	27.88
3372	27.88
3373	27.79
3374	27.88
3375	27.88
3376	27.88
3377	27.88
3378	27.79
3379	27.79
3380	27.79
3381	27.88
3382	27.88
3383	27.88
3384	27.79
3385	27.79
3386	27.79
3387	27.79
3388	27.88
3389	27.88
3390	27.88
3391	27.79
3392	27.79
3393	27.79
3394	27.79
3395	27.79
3396	27.88
3397	27.88
3398	27.88
3399	27.88
3400	27.79
3401	27.79
3402	27.79
3403	27.79
3404	27.79
3405	27.79
3406	27.88
3407	27.79
3408	27.79
3409	27.79
3410	27.79
3411	27.79
3412	27.79
3413	27.79
3414	27.79
3415	27.70
3416	27.70
3417	27.79
3418	27.79
3419	27.79
3420	27.79
3421	27.79
3422	27.79
3423	27.79
3424	27.70
3425	27.79
3426	27.70
3427	27.70
3428	27.70
3429	27.70
3430	27.79
3431	27.79
3432	27.79
3433	27.79
3434	27.79
3435	27.70
3436	27.70
3437	27.70
3438	27.70
3439	27.70
3440	27.70
3441	27.70
3442	27.70
3443	27.79
3444	27.79
3445	27.79
3446	27.79
3447	27.70
3448	27.70
3449	27.70
3450	27.70
3451	27.70
3452	27.70
3453	27.70
3454	27.70
3455	27.70
3456	27.70
3457	27.70
3458	27.70
3459	27.70
3460	27.70
3461	27.70
3462	27.70
3463	27.70
3464	27.70
3465	27.70
3466	27.70
3467	27.70
3468	27.70
3469	27.70
3470	27.70
3471	27.60
3472	27.60
3473	27.70
3474	27.60
3475	27.70
3476	27.60
3477	27.60
3478	27.60
3479	27.60
3480	27.60
3481	27.60
3482	27.60
3483	27.60
3484	27.60
3485	27.60
3486	27.60
3487	27.60
3488	27.60
3489	27.60
3490	27.60
3491	27.60
3492	27.60
3493	27.60
3494	27.60
3495	27.60
3496	27.60
3497	27.60
3498	27.60
3499	27.60
3500	27.60
3501	27.60
3502	27.60
3503	27.60
3504	27.60
3505	27.60
3506	27.60
3507	27.60
3508	27.60
3509	27.60
3510	27.60
3511	27.60
3512	27.60
3513	27.60
3514	27.60
3515	27.60
3516	27.60
3517	27.60
3518	27.60
3519	27.60
3520	27.60
3521	27.60
3522	27.51
3523	27.51
3524	27.60
3525	27.51
3526	27.60
3527	27.60
3528	27.60
3529	27.60
3530	27.60
3531	27.60
3532	27.60
3533	27.60
3534	27.60
3535	27.60
3536	27.60
3537	27.60
3538	27.51
3539	27.51
3540	27.51
3541	27.51
3542	27.51
3543	27.51
3544	27.51
3545	27.51
3546	27.51
3547	27.51
3548	27.51
3549	27.60
3550	27.60
3551	27.60
3552	27.60
3553	27.60
3554	27.51
3555	27.51
3556	27.51
3557	27.51
3558	27.51
3559	27.51
3560	27.51
3561	27.51
3562	27.60
3563	27.51
3564	27.60
3565	27.60
3566	27.51
3567	27.51
3568	27.51
3569	27.51
3570	27.51
3571	27.51
3572	27.51
3573	27.51
3574	27.51
3575	27.51
3576	27.51
3577	27.51
3578	27.42
3579	27.42
3580	27.51
3581	27.51
3582	27.51
3583	27.51
3584	27.51
3585	27.51
3586	27.51
3587	27.51
3588	27.42
3589	27.51
3590	27.51
3591	27.42
3592	27.51
3593	27.51
3594	27.51
3595	27.51
3596	27.51
3597	27.51
3598	27.51
3599	27.51
