0	22.96
1	23.49
2	23.58
3	23.58
4	23.49
5	23.49
6	23.58
7	23.58
8	23.58
9	23.58
10	23.67
11	23.58
12	23.58
13	23.58
14	23.58
15	23.58
16	23.76
17	23.67
18	23.76
19	23.67
20	23.76
21	23.76
22	23.85
23	23.85
24	23.85
25	23.85
26	23.76
27	23.85
28	23.85
29	23.85
30	24.02
31	23.93
32	23.85
33	23.93
34	23.93
35	24.02
36	24.02
37	24.02
38	24.02
39	24.11
40	24.02
41	24.11
42	24.11
43	24.11
44	24.20
45	24.29
46	24.20
47	24.29
48	24.29
49	24.29
50	24.29
51	24.38
52	24.38
53	24.38
54	24.47
55	24.47
56	24.47
57	24.47
58	24.47
59	24.55
60	24.55
61	24.55
62	24.55
63	24.64
64	24.64
65	24.64
66	24.64
67	24.64
68	24.73
69	24.64
70	24.73
71	24.73
72	24.73
73	24.82
74	24.73
75	24.82
76	24.82
77	24.91
78	24.91
79	25.00
80	24.82
81	24.91
82	25.00
83	25.27
84	25.09
85	25.00
86	25.09
87	25.00
88	25.09
89	25.09
90	25.09
91	25.18
92	25.09
93	25.18
94	25.27
95	25.18
96	25.27
97	25.18
98	25.27
99	25.27
100	25.27
101	25.45
102	25.36
103	25.36
104	25.45
105	25.45
106	25.36
107	25.53
108	25.53
109	25.53
110	25.45
111	25.53
112	25.53
113	25.62
114	25.53
115	25.62
116	25.62
117	25.71
118	25.71
119	25.62
120	25.71
121	25.71
122	25.71
123	25.71
124	25.80
125	25.80
126	25.89
127	25.89
128	25.80
129	25.89
130	25.89
131	25.89
132	25.98
133	25.98
134	25.98
135	26.07
136	26.07
137	25.98
138	26.16
139	26.07
140	26.07
141	26.16
142	26.25
143	26.16
144	26.25
145	26.25
146	26.25
147	26.25
148	26.34
149	26.34
150	26.34
151	26.34
152	26.25
153	26.34
154	26.34
155	26.34
156	26.43
157	26.52
158	26.43
159	26.52
160	26.43
161	26.43
162	26.52
163	26.43
164	26.61
165	26.52
166	26.52
167	26.52
168	26.61
169	26.61
170	26.61
171	26.61
172	26.70
173	26.61
174	26.70
175	26.70
176	26.70
177	26.79
178	26.70
179	26.79
180	26.88
181	26.88
182	26.88
183	26.88
184	26.88
185	26.97
186	26.97
187	26.97
188	26.97
189	26.88
190	26.88
191	26.97
192	27.06
193	26.97
194	27.06
195	27.06
196	27.06
197	27.06
198	27.06
199	27.15
200	27.15
201	27.15
202	27.15
203	27.33
204	27.15
205	27.15
206	27.24
207	27.24
208	27.33
209	27.33
210	27.33
211	27.33
212	27.33
213	27.33
214	27.42
215	27.42
216	27.42
217	27.42
218	27.42
219	27.51
220	27.51
221	27.60
222	27.60
223	27.51
224	27.60
225	27.60
226	27.60
227	27.60
228	27.60
229	27.60
230	27.79
231	27.79
232	27.70
233	27.79
234	27.70
235	27.79
236	27.79
237	27.79
238	27.79
239	27.79
240	27.79
241	27.88
242	27.79
243	27.88
244	27.79
245	27.88
246	27.88
247	28.06
248	27.97
249	27.97
250	27.97
251	27.97
252	28.06
253	28.24
254	27.97
255	27.97
256	27.97
257	28.06
258	28.06
259	28.06
260	28.06
261	28.06
262	28.06
263	28.24
264	28.06
265	28.15
266	28.15
267	28.15
268	28.15
269	28.24
270	28.24
271	28.24
272	28.24
273	28.33
274	28.33
275	28.24
276	28.33
277	28.42
278	28.24
279	28.33
280	28.33
281	28.42
282	28.42
283	28.42
284	28.42
285	28.42
286	28.52
287	28.42
288	28.42
289	28.70
290	28.42
291	28.52
292	28.52
293	28.61
294	28.61
295	28.61
296	28.52
297	28.52
298	28.61
299	28.70
300	28.70
301	28.61
302	28.70
303	28.70
304	28.79
305	28.70
306	28.70
307	28.88
308	28.79
309	28.79
310	28.79
311	28.97
312	28.79
313	28.88
314	28.79
315	28.88
316	28.88
317	28.88
318	28.88
319	28.79
320	28.88
321	28.88
322	28.88
323	28.97
324	28.97
325	28.97
326	28.97
327	29.07
328	29.07
329	29.07
330	29.07
331	29.07
332	29.07
333	29.07
334	29.16
335	29.16
336	29.25
337	29.16
338	29.16
339	29.16
340	29.25
341	29.16
342	29.16
343	29.16
344	29.16
345	29.25
346	29.25
347	29.25
348	29.25
349	29.34
350	29.62
351	29.34
352	29.34
353	29.43
354	29.34
355	29.34
356	29.34
357	29.34
358	29.43
359	29.53
360	29.43
361	29.43
362	29.43
363	29.53
364	29.53
365	29.53
366	29.53
367	29.53
368	29.62
369	29.53
370	29.62
371	29.62
372	29.53
373	29.62
374	29.62
375	29.62
376	29.71
377	29.62
378	29.80
379	29.80
380	29.71
381	29.71
382	29.80
383	29.71
384	29.80
385	29.80
386	29.71
387	29.80
388	29.90
389	29.71
390	29.80
391	29.71
392	29.80
393	29.80
394	29.90
395	29.90
396	29.90
397	29.99
398	29.99
399	29.90
400	29.99
401	29.99
402	29.90
403	29.99
404	30.17
405	29.99
406	30.08
407	29.99
408	30.08
409	30.08
410	30.08
411	30.17
412	30.08
413	30.08
414	30.17
415	30.17
416	30.08
417	30.08
418	30.17
419	30.17
420	30.17
421	30.27
422	30.17
423	30.27
424	30.17
425	30.27
426	30.27
427	30.36
428	30.27
429	30.27
430	30.36
431	30.36
432	30.27
433	30.36
434	30.45
435	30.45
436	30.45
437	30.36
438	30.45
439	30.45
440	30.36
441	30.45
442	30.55
443	30.45
444	30.45
445	30.45
446	30.64
447	30.45
448	30.55
449	30.55
450	30.55
451	30.83
452	30.64
453	30.55
454	30.55
455	30.64
456	30.64
457	30.64
458	30.64
459	30.73
460	30.73
461	30.73
462	30.64
463	30.73
464	30.73
465	30.73
466	30.73
467	30.73
468	30.73
469	30.73
470	30.73
471	30.83
472	30.83
473	30.83
474	30.83
475	30.83
476	30.83
477	30.83
478	30.83
479	30.83
480	30.92
481	30.83
482	30.83
483	30.92
484	30.92
485	30.92
486	30.92
487	31.01
488	31.01
489	31.01
490	31.01
491	31.11
492	31.11
493	30.92
494	31.01
495	31.11
496	31.01
497	31.01
498	31.11
499	31.01
500	31.20
501	31.11
502	31.11
503	31.20
504	31.20
505	31.20
506	31.30
507	31.20
508	31.30
509	31.20
510	31.20
511	31.30
512	31.11
513	31.20
514	31.20
515	31.20
516	31.20
517	31.39
518	31.20
519	31.20
520	31.20
521	31.30
522	31.30
523	31.20
524	31.30
525	31.30
526	31.39
527	31.48
528	31.39
529	31.30
530	31.39
531	31.39
532	31.30
533	31.30
534	31.39
535	31.30
536	31.30
537	31.39
538	31.39
539	31.39
540	31.48
541	31.39
542	31.39
543	31.39
544	31.48
545	31.39
546	31.48
547	31.39
548	31.48
549	31.39
550	31.58
551	31.58
552	31.58
553	31.58
554	31.58
555	31.67
556	31.58
557	31.58
558	31.67
559	31.67
560	31.77
561	31.67
562	31.58
563	31.58
564	31.67
565	31.77
566	31.67
567	31.67
568	31.58
569	31.77
570	31.58
571	31.67
572	31.77
573	31.77
574	31.67
575	31.77
576	31.86
577	31.77
578	31.77
579	31.86
580	31.77
581	31.77
582	31.77
583	31.77
584	31.77
585	31.86
586	31.77
587	32.05
588	31.77
589	31.77
590	31.77
591	31.86
592	31.77
593	31.77
594	31.77
595	31.77
596	31.96
597	31.96
598	31.96
599	32.05
600	31.86
601	31.96
602	31.86
603	31.96
604	32.05
605	32.05
606	31.96
607	31.96
608	32.05
609	32.05
610	31.96
611	31.96
612	31.96
613	32.05
614	32.15
615	31.96
616	32.05
617	32.05
618	32.05
619	32.15
620	31.96
621	32.24
622	31.96
623	32.05
624	32.05
625	32.15
626	32.15
627	32.05
628	32.15
629	32.43
630	32.24
631	32.15
632	32.15
633	32.15
634	32.15
635	32.15
636	32.24
637	32.24
638	32.15
639	32.43
640	32.24
641	32.15
642	32.24
643	32.34
644	32.15
645	32.24
646	32.24
647	32.24
648	32.24
649	32.24
650	32.34
651	32.34
652	32.34
653	32.24
654	32.34
655	32.34
656	32.34
657	32.34
658	32.43
659	32.34
660	32.53
661	32.34
662	32.34
663	32.34
664	32.34
665	32.34
666	32.34
667	32.43
668	32.34
669	32.43
670	32.43
671	32.43
672	32.43
673	32.53
674	32.43
675	32.53
676	32.53
677	32.53
678	32.62
679	32.53
680	32.62
681	32.72
682	32.62
683	32.91
684	32.62
685	32.62
686	32.62
687	33.01
688	32.72
689	32.62
690	32.62
691	32.72
692	32.72
693	32.62
694	32.72
695	32.72
696	32.72
697	32.81
698	32.72
699	32.81
700	32.81
701	32.72
702	32.81
703	32.72
704	32.72
705	32.91
706	32.81
707	32.81
708	32.81
709	32.81
710	32.81
711	32.81
712	33.10
713	32.81
714	33.01
715	32.91
716	32.81
717	32.81
718	32.81
719	32.81
720	33.01
721	32.91
722	32.91
723	32.91
724	33.10
725	33.01
726	33.10
727	33.20
728	33.10
729	33.10
730	33.10
731	33.01
732	33.01
733	33.01
734	33.01
735	33.20
736	33.10
737	33.10
738	33.10
739	33.10
740	33.01
741	33.20
742	33.10
743	33.20
744	33.20
745	33.20
746	33.20
747	33.10
748	33.10
749	33.10
750	33.20
751	33.20
752	33.10
753	33.10
754	33.20
755	33.20
756	33.10
757	33.10
758	33.20
759	33.49
760	33.30
761	33.20
762	33.20
763	33.30
764	33.30
765	33.30
766	33.20
767	33.20
768	33.20
769	33.30
770	33.20
771	33.30
772	33.30
773	33.30
774	33.30
775	33.30
776	33.30
777	33.30
778	33.30
779	33.30
780	33.39
781	33.30
782	33.30
783	33.30
784	33.39
785	33.39
786	33.30
787	33.39
788	33.39
789	33.39
790	33.39
791	33.39
792	33.39
793	33.49
794	33.39
795	33.39
796	33.39
797	33.49
798	33.39
799	33.49
800	33.39
801	33.59
802	33.49
803	33.59
804	33.49
805	33.59
806	33.59
807	33.68
808	33.49
809	33.59
810	33.59
811	33.59
812	33.59
813	33.59
814	33.59
815	33.49
816	33.49
817	33.49
818	33.59
819	33.59
820	33.59
821	33.59
822	33.49
823	33.59
824	33.59
825	33.59
826	33.59
827	33.59
828	33.68
829	33.68
830	33.59
831	33.59
832	33.59
833	33.59
834	33.59
835	33.68
836	33.68
837	33.88
838	33.78
839	33.68
840	33.68
841	33.68
842	33.59
843	33.68
844	33.68
845	33.68
846	33.78
847	33.78
848	33.68
849	33.68
850	33.78
851	33.68
852	33.68
853	33.78
854	33.68
855	33.68
856	33.78
857	33.68
858	33.78
859	33.78
860	33.68
861	33.68
862	33.78
863	33.78
864	33.68
865	33.78
866	33.78
867	33.78
868	33.78
869	33.78
870	33.68
871	33.78
872	33.78
873	33.88
874	33.88
875	33.88
876	33.88
877	33.78
878	33.97
879	33.88
880	33.88
881	33.97
882	33.88
883	33.88
884	33.88
885	33.97
886	33.88
887	33.97
888	33.88
889	33.88
890	33.97
891	33.88
892	33.97
893	33.97
894	33.97
895	33.97
896	34.07
897	34.07
898	33.97
899	34.27
900	33.88
901	34.07
902	34.07
903	34.07
904	34.07
905	33.97
906	33.97
907	34.07
908	34.07
909	33.97
910	34.07
911	33.97
912	34.07
913	34.07
914	34.07
915	33.97
916	33.97
917	34.07
918	34.17
919	34.07
920	34.07
921	34.17
922	34.17
923	34.07
924	34.07
925	34.17
926	34.07
927	34.17
928	34.07
929	34.07
930	34.07
931	34.07
932	34.17
933	34.27
934	34.17
935	34.17
936	34.17
937	34.07
938	34.17
939	34.17
940	34.27
941	34.27
942	34.27
943	34.36
944	34.36
945	34.17
946	34.36
947	34.27
948	34.17
949	34.36
950	34.27
951	34.27
952	34.27
953	34.27
954	34.36
955	34.36
956	34.36
957	34.27
958	34.36
959	34.27
960	34.36
961	34.27
962	34.36
963	34.36
964	34.27
965	34.36
966	34.36
967	34.36
968	34.36
969	34.36
970	34.27
971	34.36
972	34.46
973	34.36
974	34.36
975	34.36
976	34.36
977	34.36
978	34.27
979	34.36
980	34.36
981	34.36
982	34.36
983	34.36
984	34.36
985	34.36
986	34.27
987	34.36
988	34.36
989	34.46
990	34.36
991	34.36
992	34.46
993	34.46
994	34.46
995	34.46
996	34.56
997	34.46
998	34.46
999	34.46
1000	34.66
1001	34.46
1002	34.46
1003	34.56
1004	34.56
1005	34.56
1006	34.46
1007	34.46
1008	34.66
1009	34.56
1010	34.66
1011	34.46
1012	34.66
1013	34.66
1014	34.56
1015	34.66
1016	34.56
1017	34.66
1018	34.56
1019	34.66
1020	34.56
1021	34.66
1022	34.56
1023	34.66
1024	34.66
1025	34.76
1026	34.66
1027	34.66
1028	34.76
1029	34.66
1030	34.66
1031	34.66
1032	34.66
1033	34.66
1034	34.66
1035	34.85
1036	34.76
1037	34.66
1038	34.66
1039	34.66
1040	34.66
1041	34.66
1042	34.66
1043	35.05
1044	34.66
1045	34.85
1046	34.76
1047	34.95
1048	34.85
1049	34.76
1050	34.76
1051	34.95
1052	34.85
1053	34.85
1054	34.76
1055	34.76
1056	34.85
1057	34.85
1058	34.76
1059	34.76
1060	34.76
1061	34.76
1062	34.76
1063	34.76
1064	34.76
1065	34.76
1066	34.76
1067	34.76
1068	34.76
1069	34.76
1070	34.85
1071	34.85
1072	34.76
1073	34.85
1074	34.76
1075	34.76
1076	34.76
1077	34.76
1078	35.05
1079	34.95
1080	34.85
1081	34.85
1082	34.85
1083	34.85
1084	34.95
1085	34.85
1086	34.85
1087	34.95
1088	34.85
1089	34.95
1090	34.95
1091	34.85
1092	34.95
1093	34.85
1094	34.95
1095	34.95
1096	34.85
1097	34.85
1098	34.95
1099	34.85
1100	34.95
1101	35.25
1102	35.05
1103	34.95
1104	35.05
1105	34.95
1106	34.95
1107	34.95
1108	35.05
1109	34.85
1110	35.05
1111	34.95
1112	34.95
1113	35.15
1114	34.95
1115	34.95
1116	34.95
1117	34.95
1118	35.05
1119	35.05
1120	35.05
1121	35.05
1122	34.95
1123	35.05
1124	35.05
1125	35.05
1126	35.15
1127	34.95
1128	35.05
1129	34.95
1130	35.15
1131	35.05
1132	34.95
1133	35.05
1134	35.05
1135	35.05
1136	35.05
1137	34.95
1138	35.05
1139	35.05
1140	35.05
1141	34.95
1142	34.95
1143	35.05
1144	35.05
1145	34.95
1146	35.05
1147	35.05
1148	35.15
1149	35.15
1150	35.05
1151	34.95
1152	34.95
1153	35.15
1154	35.05
1155	35.05
1156	35.05
1157	35.05
1158	35.05
1159	34.95
1160	35.25
1161	35.05
1162	35.05
1163	34.95
1164	34.95
1165	35.05
1166	35.15
1167	35.15
1168	35.05
1169	35.35
1170	35.05
1171	35.15
1172	35.05
1173	35.05
1174	34.95
1175	34.95
1176	34.95
1177	34.95
1178	35.05
1179	34.95
1180	34.95
1181	34.85
1182	34.95
1183	34.95
1184	34.95
1185	35.25
1186	34.95
1187	35.15
1188	35.05
1189	35.15
1190	35.05
1191	35.15
1192	35.05
1193	35.05
1194	35.15
1195	35.15
1196	35.05
1197	35.25
1198	35.15
1199	35.15
1200	35.25
1201	35.25
1202	35.25
1203	35.35
1204	35.25
1205	35.25
1206	35.25
1207	35.35
1208	35.25
1209	35.55
1210	35.25
1211	35.45
1212	35.35
1213	35.35
1214	35.35
1215	35.55
1216	35.35
1217	35.55
1218	35.25
1219	35.45
1220	35.45
1221	35.35
1222	35.45
1223	35.35
1224	35.35
1225	35.35
1226	35.45
1227	35.55
1228	35.45
1229	35.35
1230	35.35
1231	35.45
1232	35.45
1233	35.45
1234	35.45
1235	35.55
1236	35.35
1237	35.45
1238	35.75
1239	35.35
1240	35.35
1241	35.45
1242	35.45
1243	35.55
1244	35.45
1245	35.25
1246	35.45
1247	35.45
1248	35.35
1249	35.45
1250	35.45
1251	35.35
1252	35.35
1253	35.45
1254	35.45
1255	35.55
1256	35.45
1257	35.55
1258	35.55
1259	35.75
1260	35.45
1261	35.65
1262	35.55
1263	35.55
1264	35.55
1265	35.55
1266	35.45
1267	35.55
1268	35.55
1269	35.55
1270	35.55
1271	35.55
1272	35.55
1273	35.25
1274	35.45
1275	35.35
1276	35.35
1277	35.25
1278	35.35
1279	35.35
1280	35.45
1281	35.55
1282	35.45
1283	35.35
1284	35.55
1285	35.55
1286	35.45
1287	35.55
1288	35.55
1289	35.65
1290	35.45
1291	35.65
1292	35.75
1293	35.55
1294	35.55
1295	35.45
1296	35.45
1297	35.65
1298	35.65
1299	35.55
1300	35.55
1301	35.65
1302	35.45
1303	35.55
1304	35.55
1305	35.45
1306	35.55
1307	35.55
1308	35.65
1309	35.55
1310	35.65
1311	35.85
1312	35.55
1313	35.55
1314	35.55
1315	35.55
1316	35.55
1317	35.55
1318	35.55
1319	35.55
1320	35.55
1321	35.55
1322	35.65
1323	35.65
1324	35.55
1325	35.55
1326	35.55
1327	35.65
1328	35.65
1329	35.65
1330	35.65
1331	35.85
1332	35.65
1333	35.75
1334	35.65
1335	35.65
1336	35.85
1337	35.65
1338	35.75
1339	35.65
1340	35.75
1341	35.75
1342	35.75
1343	35.75
1344	35.75
1345	35.75
1346	35.85
1347	35.65
1348	35.65
1349	35.75
1350	35.75
1351	35.75
1352	35.65
1353	35.65
1354	35.75
1355	35.65
1356	35.75
1357	35.65
1358	35.75
1359	35.85
1360	35.85
1361	35.75
1362	35.75
1363	35.85
1364	35.75
1365	35.85
1366	35.75
1367	35.75
1368	35.75
1369	35.85
1370	35.85
1371	35.85
1372	35.75
1373	35.75
1374	35.75
1375	35.85
1376	35.95
1377	35.95
1378	35.75
1379	35.85
1380	35.85
1381	35.85
1382	35.95
1383	35.85
1384	35.85
1385	35.75
1386	35.75
1387	35.85
1388	35.85
1389	35.95
1390	35.95
1391	35.85
1392	35.85
1393	35.85
1394	35.85
1395	35.95
1396	35.85
1397	35.95
1398	35.95
1399	35.95
1400	35.85
1401	35.95
1402	35.75
1403	35.95
1404	35.85
1405	35.85
1406	35.95
1407	35.95
1408	35.95
1409	35.95
1410	35.95
1411	35.95
1412	35.95
1413	36.05
1414	35.95
1415	35.95
1416	35.95
1417	36.05
1418	36.05
1419	36.35
1420	36.05
1421	36.25
1422	36.15
1423	36.05
1424	36.05
1425	36.05
1426	36.05
1427	36.05
1428	36.05
1429	36.05
1430	36.15
1431	36.15
1432	36.15
1433	36.05
1434	36.05
1435	36.15
1436	36.05
1437	36.15
1438	36.15
1439	36.15
1440	36.05
1441	36.25
1442	36.05
1443	35.95
1444	36.05
1445	36.05
1446	36.05
1447	36.15
1448	36.05
1449	36.15
1450	36.15
1451	36.05
1452	36.05
1453	36.15
1454	36.15
1455	36.25
1456	36.15
1457	36.15
1458	36.15
1459	36.15
1460	36.15
1461	36.15
1462	36.15
1463	36.15
1464	36.05
1465	36.15
1466	36.15
1467	36.25
1468	36.15
1469	36.05
1470	36.45
1471	36.05
1472	36.15
1473	36.15
1474	36.15
1475	36.25
1476	36.15
1477	36.25
1478	36.25
1479	36.25
1480	36.25
1481	36.25
1482	36.15
1483	36.25
1484	36.15
1485	36.25
1486	36.35
1487	36.25
1488	36.25
1489	36.15
1490	36.15
1491	36.15
1492	36.25
1493	36.25
1494	36.25
1495	36.15
1496	36.25
1497	36.25
1498	36.25
1499	36.25
1500	36.45
1501	36.25
1502	36.15
1503	36.15
1504	36.15
1505	36.15
1506	36.25
1507	36.15
1508	36.25
1509	36.25
1510	36.35
1511	36.25
1512	36.25
1513	36.35
1514	36.25
1515	36.25
1516	36.25
1517	36.25
1518	36.25
1519	36.25
1520	36.25
1521	36.25
1522	36.25
1523	36.35
1524	36.15
1525	36.25
1526	36.05
1527	36.15
1528	35.95
1529	36.05
1530	36.05
1531	36.05
1532	36.05
1533	36.15
1534	36.15
1535	36.15
1536	36.25
1537	36.25
1538	36.15
1539	36.25
1540	36.25
1541	36.15
1542	36.15
1543	36.25
1544	36.15
1545	36.25
1546	36.15
1547	36.35
1548	36.35
1549	36.25
1550	36.25
1551	36.15
1552	36.25
1553	36.35
1554	36.25
1555	36.25
1556	36.45
1557	36.25
1558	36.25
1559	36.15
1560	36.45
1561	36.35
1562	36.25
1563	36.25
1564	36.25
1565	36.25
1566	36.15
1567	36.25
1568	36.15
1569	36.25
1570	36.35
1571	36.25
1572	36.25
1573	36.45
1574	36.35
1575	36.35
1576	36.35
1577	36.25
1578	36.15
1579	36.05
1580	36.05
1581	36.05
1582	36.05
1583	36.15
1584	36.25
1585	36.15
1586	36.25
1587	36.15
1588	36.25
1589	36.25
1590	36.35
1591	36.35
1592	36.35
1593	36.25
1594	36.35
1595	36.25
1596	36.15
1597	36.25
1598	36.25
1599	36.15
1600	36.15
1601	36.15
1602	36.45
1603	36.25
1604	36.25
1605	36.25
1606	36.25
1607	36.25
1608	36.25
1609	36.25
1610	36.15
1611	36.15
1612	36.25
1613	36.35
1614	36.25
1615	36.15
1616	36.25
1617	36.35
1618	36.25
1619	36.15
1620	36.15
1621	36.35
1622	36.15
1623	36.25
1624	36.45
1625	36.25
1626	36.15
1627	36.15
1628	36.25
1629	36.05
1630	36.25
1631	36.15
1632	36.15
1633	36.15
1634	36.15
1635	36.15
1636	36.15
1637	36.25
1638	36.25
1639	36.15
1640	36.15
1641	36.25
1642	36.35
1643	36.25
1644	36.15
1645	36.15
1646	36.35
1647	36.25
1648	36.25
1649	36.25
1650	36.15
1651	36.25
1652	36.25
1653	36.25
1654	36.35
1655	36.25
1656	36.15
1657	36.35
1658	36.35
1659	36.35
1660	36.35
1661	36.45
1662	36.45
1663	36.25
1664	36.25
1665	36.35
1666	36.35
1667	36.25
1668	36.35
1669	36.35
1670	36.25
1671	36.35
1672	36.25
1673	36.25
1674	36.25
1675	36.35
1676	36.35
1677	36.05
1678	36.05
1679	36.05
1680	36.15
1681	36.15
1682	36.15
1683	36.35
1684	36.35
1685	36.15
1686	36.15
1687	36.25
1688	36.25
1689	36.25
1690	36.25
1691	36.25
1692	36.25
1693	36.35
1694	36.25
1695	36.25
1696	36.25
1697	36.35
1698	36.25
1699	36.35
1700	36.25
1701	36.35
1702	36.35
1703	36.35
1704	36.25
1705	36.35
1706	36.35
1707	36.25
1708	36.35
1709	36.35
1710	36.25
1711	36.45
1712	36.45
1713	36.15
1714	36.25
1715	36.35
1716	36.25
1717	36.35
1718	36.35
1719	36.25
1720	36.35
1721	36.25
1722	36.25
1723	36.35
1724	36.25
1725	36.35
1726	36.35
1727	36.35
1728	36.25
1729	36.35
1730	36.25
1731	36.35
1732	36.35
1733	36.25
1734	36.25
1735	36.25
1736	36.25
1737	36.35
1738	36.35
1739	36.25
1740	36.25
1741	36.25
1742	36.35
1743	36.25
1744	36.45
1745	36.45
1746	36.35
1747	36.25
1748	36.35
1749	36.25
1750	36.35
1751	36.35
1752	36.65
1753	36.25
1754	36.25
1755	36.35
1756	36.35
1757	36.25
1758	36.45
1759	36.55
1760	36.35
1761	36.45
1762	36.35
1763	36.45
1764	36.55
1765	36.35
1766	36.45
1767	36.45
1768	36.55
1769	36.45
1770	36.35
1771	36.45
1772	36.45
1773	36.45
1774	36.35
1775	36.55
1776	36.45
1777	36.55
1778	36.55
1779	36.45
1780	36.45
1781	36.55
1782	36.55
1783	36.55
1784	36.45
1785	36.55
1786	36.55
1787	36.65
1788	36.55
1789	36.55
1790	36.55
1791	36.55
1792	36.55
1793	36.55
1794	36.55
1795	36.65
1796	36.55
1797	36.65
1798	36.55
1799	36.55
1800	36.55
1801	36.55
1802	36.55
1803	36.65
1804	36.65
1805	36.65
1806	36.55
1807	36.65
1808	36.55
1809	36.75
1810	36.55
1811	36.65
1812	36.55
1813	36.55
1814	36.55
1815	36.55
1816	36.55
1817	36.55
1818	36.45
1819	36.45
1820	36.55
1821	36.55
1822	36.55
1823	36.55
1824	36.55
1825	36.65
1826	36.55
1827	36.55
1828	36.45
1829	36.65
1830	36.55
1831	36.55
1832	36.75
1833	36.55
1834	36.65
1835	36.65
1836	36.55
1837	36.65
1838	36.65
1839	36.75
1840	36.55
1841	36.55
1842	36.55
1843	36.45
1844	36.55
1845	36.45
1846	36.45
1847	36.45
1848	36.55
1849	36.45
1850	36.55
1851	36.45
1852	36.55
1853	36.45
1854	36.55
1855	36.45
1856	36.65
1857	36.55
1858	36.45
1859	36.55
1860	36.45
1861	36.35
1862	36.35
1863	36.55
1864	36.45
1865	36.55
1866	36.55
1867	36.45
1868	36.55
1869	36.55
1870	36.45
1871	36.55
1872	36.55
1873	36.55
1874	36.65
1875	36.55
1876	36.55
1877	36.55
1878	36.65
1879	36.55
1880	36.65
1881	36.55
1882	36.65
1883	36.65
1884	36.55
1885	36.55
1886	36.55
1887	36.65
1888	36.55
1889	36.65
1890	36.65
1891	36.55
1892	36.65
1893	36.65
1894	36.65
1895	36.65
1896	36.65
1897	36.55
1898	36.55
1899	36.55
1900	36.65
1901	36.65
1902	36.65
1903	36.65
1904	36.65
1905	36.55
1906	36.65
1907	36.75
1908	36.65
1909	36.65
1910	36.65
1911	36.45
1912	36.15
1913	36.15
1914	36.35
1915	36.55
1916	36.35
1917	36.35
1918	36.45
1919	36.35
1920	36.55
1921	36.45
1922	36.55
1923	36.65
1924	36.45
1925	36.45
1926	36.65
1927	36.55
1928	36.65
1929	36.65
1930	36.65
1931	36.45
1932	36.55
1933	36.55
1934	36.55
1935	36.65
1936	36.55
1937	36.65
1938	36.65
1939	36.65
1940	36.65
1941	36.55
1942	36.65
1943	36.55
1944	36.65
1945	36.65
1946	36.75
1947	36.65
1948	36.65
1949	36.65
1950	36.75
1951	36.55
1952	36.65
1953	36.55
1954	36.65
1955	36.65
1956	36.65
1957	36.65
1958	36.65
1959	36.65
1960	36.65
1961	36.65
1962	36.65
1963	36.55
1964	36.65
1965	36.75
1966	36.75
1967	36.65
1968	36.85
1969	36.65
1970	36.75
1971	36.55
1972	36.65
1973	36.65
1974	36.65
1975	36.75
1976	36.75
1977	36.75
1978	36.75
1979	36.65
1980	36.75
1981	36.75
1982	36.75
1983	36.75
1984	36.75
1985	36.65
1986	36.75
1987	36.65
1988	36.65
1989	36.75
1990	36.65
1991	36.65
1992	36.65
1993	36.65
1994	36.75
1995	36.65
1996	36.65
1997	36.65
1998	36.65
1999	36.75
2000	36.75
2001	36.65
2002	36.85
2003	36.65
2004	36.65
2005	36.65
2006	36.85
2007	36.65
2008	36.65
2009	36.75
2010	36.75
2011	36.75
2012	36.75
2013	36.75
2014	36.75
2015	36.85
2016	36.85
2017	36.96
2018	36.85
2019	36.96
2020	36.85
2021	36.85
2022	36.85
2023	36.85
2024	36.75
2025	36.75
2026	36.65
2027	36.75
2028	36.75
2029	36.85
2030	36.75
2031	36.75
2032	36.85
2033	36.85
2034	36.75
2035	36.75
2036	36.85
2037	36.75
2038	36.75
2039	36.75
2040	36.85
2041	36.75
2042	36.85
2043	36.75
2044	36.85
2045	36.75
2046	36.65
2047	36.65
2048	36.65
2049	36.75
2050	36.65
2051	36.65
2052	36.65
2053	36.75
2054	36.65
2055	36.65
2056	36.75
2057	36.75
2058	36.75
2059	36.75
2060	36.65
2061	36.75
2062	36.75
2063	36.75
2064	36.65
2065	36.75
2066	36.75
2067	36.85
2068	36.75
2069	36.85
2070	36.85
2071	36.75
2072	36.85
2073	36.75
2074	37.16
2075	36.85
2076	36.85
2077	36.75
2078	36.96
2079	36.85
2080	36.85
2081	36.85
2082	36.85
2083	36.96
2084	36.85
2085	36.85
2086	36.85
2087	36.85
2088	36.85
2089	36.85
2090	36.75
2091	36.75
2092	36.75
2093	36.96
2094	36.75
2095	36.85
2096	36.75
2097	36.75
2098	36.75
2099	36.85
2100	36.85
2101	36.75
2102	36.75
2103	36.75
2104	36.75
2105	36.75
2106	36.75
2107	36.65
2108	36.75
2109	36.85
2110	36.75
2111	36.75
2112	36.85
2113	36.75
2114	36.65
2115	36.75
2116	36.75
2117	36.75
2118	36.65
2119	36.65
2120	36.75
2121	36.65
2122	36.75
2123	36.65
2124	36.75
2125	36.75
2126	36.75
2127	36.55
2128	36.55
2129	36.65
2130	36.65
2131	36.65
2132	37.06
2133	36.55
2134	36.65
2135	36.65
2136	36.85
2137	36.65
2138	36.65
2139	36.65
2140	36.65
2141	36.75
2142	36.75
2143	36.75
2144	36.65
2145	36.65
2146	36.65
2147	36.75
2148	36.65
2149	36.65
2150	36.55
2151	36.65
2152	36.75
2153	36.65
2154	36.65
2155	36.65
2156	36.65
2157	36.75
2158	36.65
2159	36.65
2160	36.75
2161	36.75
2162	36.75
2163	36.65
2164	36.65
2165	36.65
2166	36.65
2167	36.65
2168	36.65
2169	36.65
2170	36.75
2171	36.75
2172	36.65
2173	36.96
2174	36.65
2175	36.75
2176	36.65
2177	36.75
2178	36.75
2179	36.75
2180	36.96
2181	36.65
2182	36.65
2183	36.65
2184	36.75
2185	36.75
2186	36.65
2187	36.65
2188	36.75
2189	36.65
2190	36.65
2191	36.65
2192	36.75
2193	36.65
2194	36.85
2195	36.75
2196	36.85
2197	36.96
2198	36.75
2199	36.75
2200	36.65
2201	36.85
2202	36.75
2203	36.65
2204	36.85
2205	36.65
2206	36.65
2207	36.85
2208	36.65
2209	36.65
2210	36.75
2211	36.75
2212	36.85
2213	36.75
2214	36.65
2215	36.85
2216	36.85
2217	36.85
2218	36.75
2219	36.96
2220	36.75
2221	36.85
2222	36.75
2223	36.85
2224	36.75
2225	36.85
2226	36.75
2227	36.65
2228	36.75
2229	36.85
2230	36.75
2231	36.65
2232	36.65
2233	36.75
2234	36.65
2235	36.75
2236	36.75
2237	36.85
2238	36.65
2239	36.75
2240	36.75
2241	36.75
2242	36.75
2243	36.75
2244	36.75
2245	36.75
2246	36.75
2247	36.75
2248	36.65
2249	36.85
2250	36.75
2251	36.65
2252	36.85
2253	36.85
2254	36.65
2255	36.85
2256	36.75
2257	36.75
2258	36.85
2259	36.75
2260	36.85
2261	36.85
2262	36.75
2263	36.85
2264	36.75
2265	36.75
2266	36.75
2267	36.65
2268	36.85
2269	36.65
2270	37.06
2271	36.85
2272	36.75
2273	36.65
2274	36.85
2275	36.85
2276	36.75
2277	36.75
2278	36.65
2279	36.75
2280	36.85
2281	36.75
2282	36.75
2283	36.75
2284	37.16
2285	36.85
2286	36.75
2287	36.85
2288	36.85
2289	36.85
2290	37.06
2291	36.85
2292	36.75
2293	36.75
2294	36.85
2295	36.96
2296	36.96
2297	36.85
2298	36.85
2299	36.85
2300	36.85
2301	36.85
2302	36.96
2303	36.65
2304	36.75
2305	36.65
2306	36.65
2307	36.65
2308	36.55
2309	36.45
2310	36.45
2311	36.35
2312	36.45
2313	36.45
2314	36.45
2315	36.35
2316	36.35
2317	36.45
2318	36.55
2319	36.35
2320	36.35
2321	36.45
2322	36.45
2323	36.35
2324	36.35
2325	36.35
2326	36.35
2327	36.35
2328	36.35
2329	36.35
2330	36.35
2331	36.35
2332	36.45
2333	36.35
2334	36.35
2335	36.35
2336	36.35
2337	36.35
2338	36.25
2339	36.35
2340	36.45
2341	36.35
2342	36.45
2343	36.35
2344	36.55
2345	36.45
2346	36.35
2347	36.55
2348	36.45
2349	36.45
2350	36.35
2351	36.65
2352	36.55
2353	36.45
2354	36.35
2355	36.45
2356	36.45
2357	36.35
2358	36.45
2359	36.45
2360	36.55
2361	36.55
2362	36.45
2363	36.65
2364	36.45
2365	36.45
2366	36.55
2367	36.35
2368	36.45
2369	36.45
2370	36.45
2371	36.45
2372	36.45
2373	36.65
2374	36.45
2375	36.55
2376	36.45
2377	36.75
2378	36.55
2379	36.45
2380	36.45
2381	36.55
2382	36.55
2383	36.45
2384	36.45
2385	36.45
2386	36.45
2387	36.45
2388	36.55
2389	36.55
2390	36.45
2391	36.45
2392	36.45
2393	36.45
2394	36.35
2395	36.55
2396	36.55
2397	36.55
2398	36.55
2399	36.55
2400	36.55
2401	36.55
2402	36.55
2403	36.45
2404	36.55
2405	36.65
2406	36.75
2407	36.45
2408	36.45
2409	36.55
2410	36.45
2411	36.45
2412	36.45
2413	36.55
2414	36.55
2415	36.65
2416	36.55
2417	36.45
2418	36.45
2419	36.55
2420	36.55
2421	36.45
2422	36.45
2423	36.55
2424	36.45
2425	36.55
2426	36.45
2427	36.45
2428	36.45
2429	36.45
2430	36.55
2431	36.55
2432	36.45
2433	36.85
2434	36.45
2435	36.65
2436	36.35
2437	36.45
2438	36.35
2439	36.55
2440	36.45
2441	36.35
2442	36.45
2443	36.55
2444	36.45
2445	36.55
2446	36.45
2447	36.35
2448	36.45
2449	36.35
2450	36.35
2451	36.55
2452	36.45
2453	36.65
2454	36.35
2455	36.45
2456	36.45
2457	36.55
2458	36.55
2459	36.55
2460	36.55
2461	36.55
2462	36.45
2463	36.55
2464	36.65
2465	36.65
2466	36.55
2467	36.45
2468	36.45
2469	36.45
2470	36.45
2471	36.45
2472	36.45
2473	36.55
2474	36.45
2475	36.55
2476	36.45
2477	36.55
2478	36.55
2479	36.35
2480	36.55
2481	36.65
2482	36.45
2483	36.45
2484	36.45
2485	36.55
2486	36.55
2487	36.45
2488	36.65
2489	36.45
2490	36.65
2491	36.55
2492	36.45
2493	36.45
2494	36.45
2495	36.55
2496	36.45
2497	36.55
2498	36.45
2499	36.45
2500	36.65
2501	36.45
2502	36.55
2503	36.55
2504	36.55
2505	36.55
2506	36.65
2507	36.55
2508	36.55
2509	36.65
2510	36.55
2511	36.55
2512	36.55
2513	36.55
2514	36.55
2515	36.45
2516	36.65
2517	36.65
2518	36.75
2519	36.65
2520	36.65
2521	36.55
2522	36.55
2523	36.55
2524	36.65
2525	36.55
2526	36.65
2527	36.55
2528	36.75
2529	36.55
2530	36.55
2531	36.55
2532	36.65
2533	36.55
2534	36.55
2535	36.65
2536	36.55
2537	36.55
2538	36.45
2539	36.65
2540	36.65
2541	36.55
2542	36.55
2543	36.55
2544	36.65
2545	36.55
2546	36.55
2547	36.55
2548	36.55
2549	36.65
2550	36.65
2551	36.55
2552	36.55
2553	36.65
2554	36.65
2555	36.65
2556	36.55
2557	36.55
2558	36.55
2559	36.75
2560	36.55
2561	36.55
2562	36.65
2563	36.75
2564	36.55
2565	36.55
2566	36.55
2567	36.65
2568	36.65
2569	36.65
2570	36.65
2571	36.65
2572	36.65
2573	36.55
2574	36.55
2575	36.75
2576	36.55
2577	36.65
2578	36.65
2579	36.65
2580	36.55
2581	36.55
2582	36.65
2583	36.65
2584	36.55
2585	36.65
2586	36.75
2587	36.55
2588	36.65
2589	36.85
2590	36.65
2591	36.65
2592	36.65
2593	36.55
2594	36.65
2595	36.75
2596	36.65
2597	36.75
2598	36.65
2599	36.65
2600	36.65
2601	36.75
2602	36.65
2603	36.65
2604	36.65
2605	36.65
2606	36.65
2607	36.75
2608	36.65
2609	36.75
2610	36.75
2611	36.65
2612	36.65
2613	36.65
2614	36.75
2615	36.65
2616	36.75
2617	36.85
2618	36.75
2619	36.75
2620	36.65
2621	36.75
2622	36.75
2623	36.75
2624	36.85
2625	36.85
2626	36.65
2627	36.85
2628	36.85
2629	36.85
2630	36.65
2631	36.65
2632	36.75
2633	36.65
2634	36.55
2635	36.75
2636	36.65
2637	36.65
2638	36.65
2639	36.55
2640	36.65
2641	36.65
2642	36.75
2643	36.75
2644	36.75
2645	36.75
2646	36.75
2647	36.75
2648	36.75
2649	36.65
2650	36.55
2651	36.65
2652	36.65
2653	36.65
2654	36.65
2655	36.65
2656	36.65
2657	36.65
2658	36.75
2659	36.65
2660	36.65
2661	36.55
2662	36.65
2663	36.65
2664	36.75
2665	36.65
2666	36.75
2667	36.65
2668	36.65
2669	36.65
2670	36.55
2671	36.65
2672	36.75
2673	36.55
2674	36.65
2675	36.65
2676	36.65
2677	36.65
2678	36.75
2679	36.65
2680	36.75
2681	36.75
2682	36.75
2683	36.55
2684	36.65
2685	36.55
2686	36.65
2687	36.65
2688	36.75
2689	36.65
2690	36.55
2691	36.96
2692	36.75
2693	36.65
2694	36.75
2695	36.75
2696	36.65
2697	36.65
2698	36.65
2699	36.65
2700	36.65
2701	36.55
2702	36.65
2703	36.65
2704	36.65
2705	36.65
2706	36.65
2707	36.75
2708	36.65
2709	36.65
2710	36.55
2711	36.65
2712	36.65
2713	36.55
2714	36.85
2715	36.75
2716	36.65
2717	36.65
2718	36.65
2719	36.65
2720	36.65
2721	36.85
2722	36.65
2723	36.55
2724	36.75
2725	36.75
2726	36.55
2727	36.45
2728	36.55
2729	36.55
2730	36.45
2731	36.55
2732	36.55
2733	36.55
2734	36.75
2735	36.75
2736	36.75
2737	36.75
2738	36.65
2739	36.75
2740	36.65
2741	36.65
2742	36.55
2743	36.55
2744	36.65
2745	36.65
2746	36.55
2747	36.85
2748	36.65
2749	36.65
2750	36.65
2751	36.65
2752	36.65
2753	36.75
2754	36.65
2755	36.75
2756	36.75
2757	36.65
2758	36.85
2759	36.75
2760	36.65
2761	36.65
2762	36.65
2763	36.75
2764	36.75
2765	36.65
2766	36.55
2767	36.65
2768	36.75
2769	36.75
2770	36.75
2771	36.65
2772	36.75
2773	36.65
2774	36.75
2775	36.65
2776	36.65
2777	36.75
2778	36.85
2779	36.65
2780	36.65
2781	36.65
2782	36.65
2783	36.75
2784	36.65
2785	36.75
2786	36.65
2787	36.75
2788	36.55
2789	36.65
2790	36.65
2791	36.65
2792	36.75
2793	36.65
2794	36.65
2795	36.75
2796	36.65
2797	36.65
2798	36.55
2799	36.65
2800	36.65
2801	36.65
2802	36.55
2803	36.65
2804	36.65
2805	36.65
2806	36.65
2807	36.75
2808	36.75
2809	36.55
2810	36.75
2811	36.65
2812	36.65
2813	36.85
2814	36.75
2815	36.75
2816	36.75
2817	36.75
2818	36.65
2819	36.65
2820	36.65
2821	36.55
2822	36.75
2823	36.65
2824	36.65
2825	36.75
2826	36.75
2827	36.65
2828	36.65
2829	36.75
2830	36.75
2831	36.65
2832	36.65
2833	36.75
2834	36.65
2835	36.65
2836	36.65
2837	36.65
2838	36.65
2839	36.75
2840	36.75
2841	36.65
2842	36.55
2843	36.65
2844	36.65
2845	36.65
2846	36.75
2847	36.75
2848	36.65
2849	36.75
2850	36.65
2851	36.55
2852	36.65
2853	36.75
2854	36.65
2855	36.55
2856	36.65
2857	36.65
2858	36.55
2859	36.65
2860	36.75
2861	36.55
2862	36.65
2863	36.55
2864	36.55
2865	36.55
2866	36.55
2867	36.65
2868	36.55
2869	36.55
2870	36.65
2871	36.55
2872	36.65
2873	36.55
2874	36.65
2875	36.65
2876	36.55
2877	36.55
2878	36.65
2879	36.55
2880	36.65
2881	36.55
2882	36.55
2883	36.65
2884	36.55
2885	36.55
2886	36.55
2887	36.55
2888	36.55
2889	36.65
2890	36.55
2891	36.55
2892	36.75
2893	36.55
2894	36.75
2895	36.65
2896	36.65
2897	36.55
2898	36.65
2899	36.65
2900	36.65
2901	36.65
2902	36.65
2903	36.65
2904	36.75
2905	36.75
2906	36.85
2907	36.96
2908	36.65
2909	36.55
2910	36.65
2911	36.65
2912	36.65
2913	36.85
2914	36.75
2915	36.75
2916	36.75
2917	36.75
2918	36.55
2919	36.65
2920	36.65
2921	36.75
2922	36.55
2923	36.65
2924	36.75
2925	36.55
2926	36.65
2927	36.65
2928	36.65
2929	36.65
2930	36.55
2931	36.55
2932	36.65
2933	36.65
2934	36.65
2935	36.65
2936	36.75
2937	36.75
2938	36.65
2939	36.65
2940	36.65
2941	36.65
2942	36.55
2943	36.65
2944	36.55
2945	36.75
2946	36.55
2947	36.75
2948	36.65
2949	36.55
2950	36.65
2951	36.65
2952	36.75
2953	36.65
2954	36.65
2955	36.65
2956	36.65
2957	36.65
2958	36.65
2959	36.65
2960	36.65
2961	36.65
2962	36.85
2963	36.65
2964	36.65
2965	36.65
2966	36.75
2967	36.75
2968	36.75
2969	36.75
2970	36.75
2971	36.75
2972	36.75
2973	36.85
2974	36.75
2975	36.75
2976	36.75
2977	36.85
2978	36.85
2979	36.85
2980	36.85
2981	36.85
2982	36.75
2983	36.75
2984	36.75
2985	36.75
2986	36.85
2987	36.85
2988	36.85
2989	36.75
2990	36.85
2991	36.85
2992	36.75
2993	36.85
2994	36.85
2995	36.75
2996	36.85
2997	36.85
2998	36.85
2999	36.85
3000	36.75
3001	36.85
3002	36.96
3003	36.85
3004	36.75
3005	36.75
3006	36.75
3007	36.75
3008	36.85
3009	36.85
3010	36.75
3011	36.85
3012	36.96
3013	36.85
3014	37.16
3015	36.85
3016	36.75
3017	36.85
3018	36.85
3019	36.85
3020	37.06
3021	36.96
3022	36.75
3023	36.96
3024	36.85
3025	36.75
3026	36.85
3027	36.75
3028	36.85
3029	36.85
3030	36.75
3031	36.85
3032	36.75
3033	36.85
3034	36.85
3035	36.75
3036	36.85
3037	36.75
3038	36.75
3039	36.85
3040	36.75
3041	36.85
3042	36.75
3043	36.75
3044	36.75
3045	36.75
3046	36.85
3047	36.75
3048	36.75
3049	36.85
3050	36.85
3051	36.85
3052	36.75
3053	36.85
3054	36.85
3055	36.85
3056	36.75
3057	36.75
3058	36.75
3059	36.96
3060	36.85
3061	36.75
3062	36.85
3063	36.75
3064	36.85
3065	37.06
3066	36.85
3067	36.75
3068	36.85
3069	36.75
3070	36.85
3071	36.65
3072	36.65
3073	36.75
3074	36.65
3075	36.75
3076	36.65
3077	36.75
3078	36.65
3079	36.75
3080	36.75
3081	36.85
3082	36.85
3083	36.85
3084	36.85
3085	36.85
3086	36.75
3087	36.85
3088	36.85
3089	36.75
3090	37.06
3091	36.85
3092	36.65
3093	36.75
3094	36.75
3095	36.85
3096	36.85
3097	36.85
3098	36.75
3099	36.75
3100	36.85
3101	36.75
3102	36.75
3103	36.75
3104	36.75
3105	36.75
3106	36.75
3107	36.85
3108	36.75
3109	36.85
3110	36.75
3111	36.75
3112	36.75
3113	36.75
3114	36.85
3115	36.85
3116	36.75
3117	36.85
3118	36.75
3119	36.75
3120	36.85
3121	36.75
3122	36.85
3123	36.85
3124	36.96
3125	36.85
3126	36.75
3127	36.85
3128	36.85
3129	36.85
3130	36.85
3131	36.85
3132	36.85
3133	36.85
3134	36.85
3135	36.85
3136	36.75
3137	36.85
3138	36.96
3139	36.96
3140	36.85
3141	36.85
3142	36.75
3143	36.75
3144	36.75
3145	36.85
3146	36.85
3147	36.75
3148	36.75
3149	36.85
3150	36.85
3151	36.96
3152	36.75
3153	36.85
3154	36.85
3155	36.85
3156	36.85
3157	36.96
3158	36.96
3159	36.85
3160	36.85
3161	36.96
3162	36.96
3163	36.75
3164	36.96
3165	36.85
3166	36.85
3167	36.96
3168	36.85
3169	36.85
3170	36.75
3171	36.85
3172	36.85
3173	36.85
3174	36.85
3175	36.85
3176	36.75
3177	36.85
3178	36.75
3179	36.85
3180	36.85
3181	36.75
3182	36.75
3183	36.85
3184	36.85
3185	36.85
3186	36.85
3187	36.75
3188	36.85
3189	36.85
3190	36.85
3191	36.85
3192	36.75
3193	36.65
3194	36.75
3195	36.75
3196	36.85
3197	36.75
3198	36.85
3199	36.85
3200	36.75
3201	36.75
3202	36.75
3203	36.75
3204	36.85
3205	36.85
3206	36.75
3207	36.75
3208	36.75
3209	36.75
3210	36.75
3211	36.75
3212	36.85
3213	36.85
3214	36.75
3215	36.75
3216	36.75
3217	36.75
3218	36.75
3219	36.75
3220	36.85
3221	37.06
3222	36.96
3223	36.85
3224	36.85
3225	36.96
3226	36.85
3227	36.85
3228	36.85
3229	36.96
3230	36.96
3231	37.06
3232	36.96
3233	36.96
3234	37.06
3235	36.96
3236	37.06
3237	36.96
3238	36.96
3239	36.96
3240	37.06
3241	36.96
3242	36.85
3243	36.96
3244	36.96
3245	36.96
3246	36.85
3247	37.06
3248	36.96
3249	36.85
3250	37.06
3251	36.96
3252	36.85
3253	36.85
3254	36.96
3255	36.75
3256	36.85
3257	36.85
3258	36.85
3259	36.96
3260	36.96
3261	36.85
3262	36.96
3263	36.96
3264	36.96
3265	37.06
3266	37.06
3267	37.06
3268	36.85
3269	37.26
3270	37.06
3271	36.96
3272	37.06
3273	36.96
3274	36.96
3275	36.96
3276	36.96
3277	36.96
3278	37.06
3279	37.06
3280	36.96
3281	36.96
3282	37.06
3283	36.85
3284	36.96
3285	36.96
3286	36.96
3287	36.96
3288	36.75
3289	36.85
3290	36.96
3291	36.85
3292	36.85
3293	36.85
3294	36.85
3295	36.96
3296	36.96
3297	36.85
3298	36.85
3299	36.85
3300	36.85
3301	36.85
3302	36.85
3303	36.96
3304	36.85
3305	36.85
3306	36.96
3307	36.96
3308	36.85
3309	36.85
3310	36.96
3311	36.96
3312	36.85
3313	36.96
3314	36.96
3315	36.96
3316	36.85
3317	36.85
3318	36.85
3319	36.85
3320	36.96
3321	36.96
3322	37.06
3323	36.96
3324	36.96
3325	36.96
3326	36.85
3327	36.96
3328	36.85
3329	36.85
3330	36.85
3331	36.75
3332	36.85
3333	36.85
3334	36.85
3335	36.85
3336	36.85
3337	36.75
3338	36.96
3339	36.85
3340	36.85
3341	36.85
3342	36.85
3343	36.85
3344	36.85
3345	36.85
3346	37.06
3347	36.96
3348	36.85
3349	36.96
3350	36.96
3351	37.06
3352	36.85
3353	36.96
3354	37.06
3355	36.96
3356	36.96
3357	37.06
3358	36.96
3359	36.96
3360	37.06
3361	36.85
3362	37.06
3363	36.96
3364	37.06
3365	36.85
3366	36.85
3367	36.96
3368	37.06
3369	37.06
3370	36.96
3371	36.96
3372	37.06
3373	36.96
3374	37.06
3375	37.06
3376	36.96
3377	37.06
3378	36.96
3379	36.96
3380	37.06
3381	36.96
3382	36.96
3383	36.96
3384	36.96
3385	36.96
3386	36.96
3387	36.96
3388	36.96
3389	36.96
3390	37.06
3391	37.06
3392	36.96
3393	36.96
3394	37.06
3395	37.16
3396	37.06
3397	37.16
3398	36.96
3399	37.06
3400	36.96
3401	36.96
3402	37.06
3403	36.96
3404	36.96
3405	37.06
3406	36.96
3407	37.06
3408	37.06
3409	36.96
3410	36.96
3411	36.85
3412	36.85
3413	36.96
3414	36.85
3415	36.96
3416	36.96
3417	36.85
3418	36.96
3419	36.96
3420	36.96
3421	36.96
3422	36.85
3423	36.96
3424	36.96
3425	36.85
3426	37.26
3427	36.85
3428	36.85
3429	36.96
3430	36.96
3431	36.85
3432	36.96
3433	36.85
3434	36.96
3435	36.85
3436	37.06
3437	36.96
3438	36.85
3439	36.96
3440	36.85
3441	36.85
3442	36.96
3443	37.06
3444	36.85
3445	36.96
3446	36.85
3447	36.96
3448	36.96
3449	36.96
3450	37.06
3451	36.96
3452	36.96
3453	36.96
3454	36.96
3455	37.06
3456	36.96
3457	36.96
3458	36.96
3459	36.96
3460	37.06
3461	37.06
3462	36.96
3463	37.16
3464	36.96
3465	36.96
3466	36.96
3467	36.96
3468	36.96
3469	37.06
3470	37.06
3471	36.96
3472	36.96
3473	36.96
3474	37.06
3475	36.96
3476	36.96
3477	36.96
3478	36.96
3479	37.16
3480	37.06
3481	36.85
3482	36.85
3483	36.96
3484	37.06
3485	37.06
3486	36.96
3487	37.06
3488	36.96
3489	37.06
3490	37.06
3491	37.06
3492	37.06
3493	37.06
3494	36.96
3495	36.96
3496	37.06
3497	37.06
3498	37.06
3499	36.96
3500	37.16
3501	37.06
3502	37.06
3503	37.06
3504	36.96
3505	37.06
3506	37.06
3507	36.96
3508	36.96
3509	36.96
3510	37.06
3511	36.96
3512	37.06
3513	37.06
3514	36.96
3515	37.06
3516	37.06
3517	36.96
3518	37.06
3519	37.16
3520	36.96
3521	36.96
3522	36.96
3523	37.06
3524	36.96
3525	36.96
3526	37.06
3527	36.96
3528	36.96
3529	36.96
3530	37.06
3531	36.96
3532	37.06
3533	36.96
3534	37.06
3535	37.06
3536	36.96
3537	36.96
3538	36.96
3539	37.06
3540	36.96
3541	36.96
3542	36.96
3543	36.96
3544	37.06
3545	36.96
3546	37.26
3547	36.96
3548	36.96
3549	36.96
3550	37.06
3551	37.06
3552	37.06
3553	36.96
3554	36.96
3555	36.96
3556	37.06
3557	36.96
3558	36.85
3559	36.96
3560	36.85
3561	36.96
3562	36.96
3563	36.85
3564	37.06
3565	37.06
3566	36.96
3567	36.85
3568	36.85
3569	36.96
3570	37.06
3571	36.96
3572	36.96
3573	36.96
3574	36.96
3575	36.96
3576	37.06
3577	37.06
3578	36.96
3579	36.96
3580	36.85
3581	37.06
3582	36.85
3583	37.06
3584	36.96
3585	36.85
3586	36.85
3587	36.85
3588	36.85
3589	36.85
3590	36.85
3591	36.96
3592	36.85
3593	36.96
3594	36.85
3595	36.96
3596	37.16
3597	36.96
3598	36.96
3599	36.96
3600	37.36
3601	36.25
3602	36.35
3603	36.25
3604	36.35
3605	36.25
3606	36.25
3607	36.25
3608	36.25
3609	36.25
3610	36.25
3611	36.25
3612	36.25
3613	36.35
3614	36.25
3615	36.25
3616	36.35
3617	36.35
3618	36.25
3619	36.15
3620	36.25
3621	36.25
3622	36.15
3623	36.15
3624	36.25
3625	36.25
3626	36.25
3627	36.15
3628	36.15
3629	36.05
3630	36.05
3631	36.15
3632	36.15
3633	36.05
3634	36.05
3635	36.05
3636	36.05
3637	36.05
3638	36.05
3639	35.95
3640	35.95
3641	35.95
3642	35.95
3643	35.95
3644	35.95
3645	35.75
3646	35.75
3647	35.75
3648	35.75
3649	35.75
3650	35.85
3651	35.65
3652	35.75
3653	35.75
3654	35.75
3655	35.65
3656	35.65
3657	35.65
3658	35.65
3659	35.55
3660	35.55
3661	35.55
3662	35.45
3663	35.45
3664	35.45
3665	35.35
3666	35.45
3667	35.35
3668	35.45
3669	35.35
3670	35.35
3671	35.45
3672	35.35
3673	35.35
3674	35.35
3675	35.35
3676	35.35
3677	35.35
3678	35.25
3679	35.35
3680	35.25
3681	35.35
3682	35.15
3683	35.05
3684	35.15
3685	35.05
3686	35.15
3687	35.05
3688	35.05
3689	35.05
3690	35.05
3691	34.95
3692	35.05
3693	34.95
3694	34.95
3695	35.05
3696	34.95
3697	34.95
3698	34.85
3699	34.95
3700	34.95
3701	34.85
3702	34.85
3703	34.76
3704	34.85
3705	34.85
3706	34.76
3707	34.76
3708	34.76
3709	34.76
3710	34.76
3711	34.66
3712	34.66
3713	34.66
3714	34.56
3715	34.66
3716	34.66
3717	34.66
3718	34.56
3719	34.56
3720	34.56
3721	34.56
3722	34.56
3723	34.46
3724	34.46
3725	34.46
3726	34.46
3727	34.46
3728	34.36
3729	34.36
3730	34.36
3731	34.36
3732	34.36
3733	34.27
3734	34.27
3735	34.27
3736	34.27
3737	34.27
3738	34.27
3739	34.36
3740	34.17
3741	34.17
3742	34.27
3743	34.17
3744	34.27
3745	34.07
3746	34.17
3747	34.17
3748	34.17
3749	34.07
3750	34.07
3751	34.07
3752	33.97
3753	33.97
3754	34.07
3755	33.97
3756	33.97
3757	33.97
3758	33.88
3759	33.97
3760	33.97
3761	33.88
3762	33.97
3763	33.88
3764	33.88
3765	33.78
3766	33.88
3767	33.88
3768	33.78
3769	33.88
3770	33.78
3771	33.78
3772	33.78
3773	33.78
3774	33.68
3775	33.78
3776	33.78
3777	33.68
3778	33.68
3779	33.68
3780	33.59
3781	33.68
3782	33.59
3783	33.59
3784	33.49
3785	33.49
3786	33.49
3787	33.39
3788	33.49
3789	33.39
3790	33.30
3791	33.20
3792	33.20
3793	33.20
3794	33.10
3795	33.01
3796	32.91
3797	32.91
3798	32.81
3799	32.81
3800	32.81
3801	32.81
3802	32.81
3803	32.81
3804	32.91
3805	32.91
3806	32.91
3807	32.81
3808	32.81
3809	32.81
3810	32.81
3811	32.81
3812	32.81
3813	32.72
3814	32.62
3815	32.72
3816	32.62
3817	32.62
3818	32.62
3819	32.62
3820	32.62
3821	32.62
3822	32.62
3823	32.62
3824	32.53
3825	32.53
3826	32.53
3827	32.62
3828	32.53
3829	32.62
3830	32.53
3831	32.53
3832	32.53
3833	32.53
3834	32.53
3835	32.43
3836	32.43
3837	32.43
3838	32.43
3839	32.34
3840	32.34
3841	32.34
3842	32.43
3843	32.34
3844	32.34
3845	32.34
3846	32.34
3847	32.34
3848	32.34
3849	32.24
3850	32.24
3851	32.34
3852	32.24
3853	32.24
3854	32.24
3855	32.15
3856	32.24
3857	32.24
3858	32.15
3859	32.24
3860	32.15
3861	32.15
3862	32.15
3863	32.15
3864	32.15
3865	32.05
3866	32.15
3867	32.05
3868	32.15
3869	32.05
3870	32.05
3871	32.05
3872	31.96
3873	31.86
3874	31.86
3875	31.86
3876	31.96
3877	31.86
3878	31.96
3879	31.86
3880	31.86
3881	31.77
3882	31.77
3883	31.77
3884	31.77
3885	31.77
3886	31.77
3887	31.77
3888	31.77
3889	31.77
3890	31.77
3891	31.86
3892	31.77
3893	31.77
3894	31.86
3895	31.77
3896	31.67
3897	31.77
3898	31.77
3899	31.67
3900	31.77
3901	31.77
3902	31.67
3903	31.77
3904	31.77
3905	31.67
3906	31.67
3907	31.77
3908	31.67
3909	31.58
3910	31.58
3911	31.67
3912	31.58
3913	31.58
3914	31.48
3915	31.58
3916	31.58
3917	31.58
3918	31.48
3919	31.58
3920	31.58
3921	31.48
3922	31.48
3923	31.48
3924	31.39
3925	31.48
3926	31.48
3927	31.48
3928	31.39
3929	31.39
3930	31.39
3931	31.39
3932	31.39
3933	31.30
3934	31.30
3935	31.39
3936	31.39
3937	31.39
3938	31.39
3939	31.39
3940	31.30
3941	31.30
3942	31.30
3943	31.30
3944	31.30
3945	31.30
3946	31.30
3947	31.20
3948	31.20
3949	31.20
3950	31.20
3951	31.20
3952	31.20
3953	31.20
3954	31.20
3955	31.20
3956	31.11
3957	31.11
3958	31.11
3959	31.11
3960	31.11
3961	31.11
3962	31.11
3963	31.11
3964	31.11
3965	31.01
3966	31.01
3967	31.01
3968	31.01
3969	31.01
3970	31.01
3971	31.01
3972	30.92
3973	31.01
3974	31.01
3975	31.01
3976	31.01
3977	30.92
3978	30.92
3979	30.92
3980	30.92
3981	30.92
3982	30.83
3983	30.92
3984	30.92
3985	30.92
3986	30.73
3987	30.83
3988	30.83
3989	30.83
3990	30.73
3991	30.83
3992	30.83
3993	30.73
3994	30.73
3995	30.73
3996	30.73
3997	30.73
3998	30.73
3999	30.73
4000	30.73
4001	30.73
4002	30.64
4003	30.73
4004	30.73
4005	30.64
4006	30.64
4007	30.73
4008	30.64
4009	30.64
4010	30.64
4011	30.55
4012	30.64
4013	30.55
4014	30.55
4015	30.55
4016	30.55
4017	30.64
4018	30.55
4019	30.55
4020	30.55
4021	30.55
4022	30.45
4023	30.55
4024	30.45
4025	30.55
4026	30.55
4027	30.45
4028	30.55
4029	30.45
4030	30.55
4031	30.45
4032	30.45
4033	30.45
4034	30.45
4035	30.45
4036	30.45
4037	30.45
4038	30.36
4039	30.36
4040	30.36
4041	30.36
4042	30.36
4043	30.36
4044	30.36
4045	30.36
4046	30.36
4047	30.27
4048	30.36
4049	30.27
4050	30.27
4051	30.36
4052	30.27
4053	30.17
4054	30.27
4055	30.27
4056	30.27
4057	30.27
4058	30.17
4059	30.27
4060	30.27
4061	30.17
4062	30.27
4063	30.17
4064	30.17
4065	30.17
4066	30.17
4067	30.17
4068	30.08
4069	30.17
4070	30.17
4071	30.08
4072	30.08
4073	30.17
4074	30.08
4075	30.08
4076	30.08
4077	30.08
4078	30.08
4079	30.08
4080	29.99
4081	30.08
4082	30.08
4083	30.08
4084	29.99
4085	30.08
4086	30.08
4087	29.99
4088	29.99
4089	29.99
4090	30.08
4091	29.99
4092	29.99
4093	29.90
4094	29.90
4095	29.99
4096	29.99
4097	29.90
4098	29.90
4099	29.90
4100	29.90
4101	29.99
4102	29.90
4103	29.90
4104	29.90
4105	29.90
4106	29.90
4107	29.80
4108	29.80
4109	29.80
4110	29.90
4111	29.90
4112	29.90
4113	29.80
4114	29.80
4115	29.80
4116	29.80
4117	29.80
4118	29.80
4119	29.80
4120	29.80
4121	29.71
4122	29.71
4123	29.71
4124	29.80
4125	29.80
4126	29.80
4127	29.80
4128	29.71
4129	29.71
4130	29.71
4131	29.71
4132	29.71
4133	29.71
4134	29.71
4135	29.71
4136	29.71
4137	29.71
4138	29.62
4139	29.53
4140	29.53
4141	29.53
4142	29.53
4143	29.53
4144	29.53
4145	29.53
4146	29.53
4147	29.53
4148	29.53
4149	29.53
4150	29.43
4151	29.53
4152	29.53
4153	29.53
4154	29.53
4155	29.53
4156	29.53
4157	29.43
4158	29.43
4159	29.43
4160	29.43
4161	29.43
4162	29.53
4163	29.34
4164	29.43
4165	29.43
4166	29.43
4167	29.43
4168	29.34
4169	29.34
4170	29.43
4171	29.43
4172	29.43
4173	29.34
4174	29.34
4175	29.34
4176	29.34
4177	29.34
4178	29.34
4179	29.34
4180	29.34
4181	29.25
4182	29.25
4183	29.34
4184	29.34
4185	29.25
4186	29.25
4187	29.34
4188	29.34
4189	29.25
4190	29.25
4191	29.25
4192	29.16
4193	29.25
4194	29.25
4195	29.16
4196	29.16
4197	29.25
4198	29.16
4199	29.25
4200	29.25
4201	29.16
4202	29.25
4203	29.25
4204	29.16
4205	29.16
4206	29.16
4207	29.16
4208	29.16
4209	29.07
4210	29.16
4211	29.16
4212	29.07
4213	29.16
4214	29.16
4215	29.07
4216	29.07
4217	29.07
4218	29.07
4219	29.16
4220	29.07
4221	29.07
4222	28.97
4223	29.07
4224	28.97
4225	29.07
4226	28.97
4227	28.97
4228	29.07
4229	28.97
4230	29.07
4231	28.97
4232	29.07
4233	28.97
4234	28.97
4235	28.97
4236	29.07
4237	28.97
4238	28.97
4239	28.97
4240	28.97
4241	28.88
4242	28.97
4243	28.97
4244	28.97
4245	28.88
4246	28.88
4247	28.88
4248	28.88
4249	28.88
4250	28.88
4251	28.88
4252	28.88
4253	28.79
4254	28.88
4255	28.79
4256	28.88
4257	28.88
4258	28.79
4259	28.88
4260	28.79
4261	28.88
4262	28.79
4263	28.79
4264	28.79
4265	28.79
4266	28.79
4267	28.79
4268	28.88
4269	28.79
4270	28.70
4271	28.79
4272	28.70
4273	28.79
4274	28.70
4275	28.70
4276	28.70
4277	28.79
4278	28.70
4279	28.79
4280	28.70
4281	28.79
4282	28.70
4283	28.61
4284	28.70
4285	28.70
4286	28.70
4287	28.70
4288	28.61
4289	28.70
4290	28.70
4291	28.70
4292	28.70
4293	28.61
4294	28.70
4295	28.61
4296	28.61
4297	28.61
4298	28.61
4299	28.61
4300	28.61
4301	28.61
4302	28.61
4303	28.61
4304	28.52
4305	28.61
4306	28.61
4307	28.52
4308	28.52
4309	28.52
4310	28.52
4311	28.52
4312	28.61
4313	28.52
4314	28.52
4315	28.61
4316	28.52
4317	28.52
4318	28.42
4319	28.52
4320	28.52
4321	28.42
4322	28.52
4323	28.52
4324	28.42
4325	28.42
4326	28.52
4327	28.52
4328	28.42
4329	28.42
4330	28.42
4331	28.42
4332	28.42
4333	28.42
4334	28.33
4335	28.42
4336	28.42
4337	28.42
4338	28.42
4339	28.33
4340	28.33
4341	28.42
4342	28.42
4343	28.33
4344	28.33
4345	28.33
4346	28.42
4347	28.42
4348	28.33
4349	28.33
4350	28.33
4351	28.42
4352	28.33
4353	28.33
4354	28.33
4355	28.33
4356	28.24
4357	28.33
4358	28.33
4359	28.33
4360	28.33
4361	28.24
4362	28.24
4363	28.33
4364	28.33
4365	28.33
4366	28.33
4367	28.24
4368	28.24
4369	28.24
4370	28.33
4371	28.33
4372	28.24
4373	28.24
4374	28.24
4375	28.24
4376	28.24
4377	28.24
4378	28.24
4379	28.24
4380	28.24
4381	28.24
4382	28.24
4383	28.24
4384	28.24
4385	28.24
4386	28.24
4387	28.15
4388	28.15
4389	28.15
4390	28.15
4391	28.15
4392	28.15
4393	28.24
4394	28.24
4395	28.24
4396	28.24
4397	28.15
4398	28.15
4399	28.15
4400	28.15
4401	28.15
4402	28.15
4403	28.15
4404	28.15
4405	28.15
4406	28.15
4407	28.15
4408	28.15
4409	28.15
4410	28.06
4411	28.06
4412	28.06
4413	28.06
4414	28.06
4415	28.06
4416	28.06
4417	28.06
4418	28.06
4419	28.06
4420	28.06
4421	28.06
4422	28.06
4423	28.06
4424	27.97
4425	28.06
4426	27.97
4427	28.06
4428	28.06
4429	28.06
4430	28.06
4431	28.06
4432	28.06
4433	27.97
4434	28.06
4435	27.97
4436	27.97
4437	27.97
4438	27.97
4439	27.97
4440	27.97
4441	27.97
4442	27.97
4443	27.97
4444	27.97
4445	27.97
4446	27.97
4447	27.97
4448	27.97
4449	27.97
4450	27.88
4451	27.88
4452	27.88
4453	27.88
4454	27.88
4455	27.97
4456	27.97
4457	27.97
4458	27.88
4459	27.88
4460	27.88
4461	27.88
4462	27.88
4463	27.88
4464	27.88
4465	27.79
4466	27.88
4467	27.88
4468	27.88
4469	27.88
4470	27.79
4471	27.79
4472	27.79
4473	27.88
4474	27.88
4475	27.88
4476	27.79
4477	27.79
4478	27.79
4479	27.79
4480	27.88
4481	27.79
4482	27.79
4483	27.79
4484	27.88
4485	27.88
4486	27.79
4487	27.79
4488	27.79
4489	27.79
4490	27.79
4491	27.79
4492	27.79
4493	27.79
4494	27.70
4495	27.79
4496	27.79
4497	27.79
4498	27.79
4499	27.79
4500	27.79
4501	27.79
4502	27.79
4503	27.70
4504	27.70
4505	27.79
4506	27.79
4507	27.70
4508	27.70
4509	27.70
4510	27.79
4511	27.70
4512	27.70
4513	27.70
4514	27.79
4515	27.70
4516	27.70
4517	27.70
4518	27.60
4519	27.60
4520	27.70
4521	27.70
4522	27.60
4523	27.70
4524	27.70
4525	27.70
4526	27.60
4527	27.70
4528	27.70
4529	27.60
4530	27.60
4531	27.60
4532	27.70
4533	27.60
4534	27.60
4535	27.70
4536	27.60
4537	27.60
4538	27.60
4539	27.60
4540	27.60
4541	27.60
4542	27.60
4543	27.60
4544	27.60
4545	27.51
4546	27.60
4547	27.60
4548	27.51
4549	27.60
4550	27.60
4551	27.51
4552	27.60
4553	27.60
4554	27.51
4555	27.60
4556	27.51
4557	27.51
4558	27.60
4559	27.51
4560	27.51
4561	27.60
4562	27.51
4563	27.51
4564	27.51
4565	27.51
4566	27.60
4567	27.51
4568	27.51
4569	27.51
4570	27.51
4571	27.51
4572	27.51
4573	27.51
4574	27.42
4575	27.51
4576	27.51
4577	27.42
4578	27.51
4579	27.42
4580	27.42
4581	27.42
4582	27.42
4583	27.51
4584	27.42
4585	27.51
4586	27.42
4587	27.51
4588	27.42
4589	27.51
4590	27.42
4591	27.42
4592	27.42
4593	27.42
4594	27.42
4595	27.42
4596	27.42
4597	27.42
4598	27.42
4599	27.42
4600	27.33
4601	27.42
4602	27.33
4603	27.42
4604	27.33
4605	27.42
4606	27.33
4607	27.42
4608	27.33
4609	27.42
4610	27.33
4611	27.42
4612	27.33
4613	27.42
4614	27.33
4615	27.42
4616	27.33
4617	27.42
4618	27.33
4619	27.42
4620	27.33
4621	27.33
4622	27.33
4623	27.33
4624	27.33
4625	27.33
4626	27.33
4627	27.33
4628	27.24
4629	27.33
4630	27.24
4631	27.33
4632	27.33
4633	27.24
4634	27.33
4635	27.24
4636	27.33
4637	27.33
4638	27.24
4639	27.33
4640	27.24
4641	27.33
4642	27.24
4643	27.24
4644	27.24
4645	27.24
4646	27.33
4647	27.24
4648	27.24
4649	27.24
4650	27.24
4651	27.24
4652	27.24
4653	27.24
4654	27.24
4655	27.24
4656	27.15
4657	27.24
4658	27.24
4659	27.33
4660	27.24
4661	27.15
4662	27.24
4663	27.24
4664	27.15
4665	27.24
4666	27.15
4667	27.24
4668	27.24
4669	27.24
4670	27.24
4671	27.24
4672	27.15
4673	27.15
4674	27.15
4675	27.15
4676	27.15
4677	27.15
4678	27.15
4679	27.15
4680	27.15
4681	27.15
4682	27.15
4683	27.15
4684	27.15
4685	27.15
4686	27.15
4687	27.06
4688	27.15
4689	27.15
4690	27.06
4691	27.15
4692	27.15
4693	27.15
4694	27.15
4695	27.15
4696	27.06
4697	27.15
4698	27.15
4699	27.06
4700	27.06
4701	27.15
4702	27.15
4703	27.06
4704	27.15
4705	27.06
4706	27.06
4707	27.15
4708	27.15
4709	27.06
4710	27.06
4711	27.15
4712	27.06
4713	27.15
4714	27.06
4715	27.06
4716	27.06
4717	27.06
4718	27.06
4719	27.06
4720	27.06
4721	27.06
4722	27.06
4723	27.06
4724	27.06
4725	27.06
4726	27.06
4727	27.06
4728	27.06
4729	27.06
4730	27.06
4731	27.06
4732	27.06
4733	27.06
4734	27.06
4735	26.97
4736	26.97
4737	27.06
4738	26.97
4739	26.97
4740	26.97
4741	27.06
4742	26.97
4743	26.97
4744	26.97
4745	26.97
4746	26.97
4747	26.97
4748	26.97
4749	26.97
4750	26.97
4751	26.97
4752	26.97
4753	26.88
4754	26.97
4755	26.97
4756	26.97
4757	26.97
4758	26.88
4759	26.97
4760	26.97
4761	26.97
4762	26.88
4763	26.88
4764	26.97
4765	26.97
4766	26.97
4767	26.88
4768	26.88
4769	26.97
4770	26.97
4771	26.97
4772	26.88
4773	26.88
4774	26.97
4775	26.97
4776	26.88
4777	26.88
4778	26.88
4779	26.97
4780	26.88
4781	26.88
4782	26.88
4783	26.88
4784	26.88
4785	26.88
4786	26.88
4787	26.88
4788	26.88
4789	26.88
4790	26.88
4791	26.88
4792	26.88
4793	26.88
4794	26.88
4795	26.88
4796	26.79
4797	26.79
4798	26.88
4799	26.88
4800	26.88
4801	26.88
4802	26.79
4803	26.79
4804	26.88
4805	26.88
4806	26.88
4807	26.88
4808	26.79
4809	26.79
4810	26.79
4811	26.88
4812	26.88
4813	26.79
4814	26.79
4815	26.79
4816	26.79
4817	26.88
4818	26.88
4819	26.79
4820	26.79
4821	26.79
4822	26.79
4823	26.79
4824	26.88
4825	26.79
4826	26.79
4827	26.79
4828	26.79
4829	26.79
4830	26.79
4831	26.70
4832	26.79
4833	26.79
4834	26.79
4835	26.79
4836	26.79
4837	26.70
4838	26.70
4839	26.70
4840	26.70
4841	26.70
4842	26.79
4843	26.79
4844	26.79
4845	26.79
4846	26.79
4847	26.79
4848	26.70
4849	26.70
4850	26.70
4851	26.70
4852	26.70
4853	26.79
4854	26.79
4855	26.79
4856	26.79
4857	26.79
4858	26.70
4859	26.70
4860	26.70
4861	26.70
4862	26.70
4863	26.70
4864	26.70
4865	26.70
4866	26.70
4867	26.79
4868	26.79
4869	26.70
4870	26.70
4871	26.79
4872	26.70
4873	26.70
4874	26.70
4875	26.70
4876	26.70
4877	26.70
4878	26.70
4879	26.70
4880	26.70
4881	26.70
4882	26.70
4883	26.70
4884	26.61
4885	26.61
4886	26.61
4887	26.61
4888	26.61
4889	26.61
4890	26.61
4891	26.70
4892	26.70
4893	26.70
4894	26.70
4895	26.70
4896	26.70
4897	26.70
4898	26.70
4899	26.70
4900	26.70
4901	26.70
4902	26.70
4903	26.70
4904	26.70
4905	26.61
4906	26.61
4907	26.61
4908	26.70
4909	26.61
4910	26.70
4911	26.61
4912	26.61
4913	26.61
4914	26.61
4915	26.61
4916	26.61
4917	26.61
4918	26.61
4919	26.61
4920	26.61
4921	26.61
4922	26.61
4923	26.61
4924	26.61
4925	26.61
4926	26.61
4927	26.61
4928	26.52
4929	26.52
4930	26.52
4931	26.52
4932	26.52
4933	26.61
4934	26.52
4935	26.52
4936	26.61
4937	26.52
4938	26.52
4939	26.52
4940	26.52
4941	26.52
4942	26.52
4943	26.52
4944	26.52
4945	26.52
4946	26.52
4947	26.52
4948	26.52
4949	26.52
4950	26.52
4951	26.52
4952	26.61
4953	26.52
4954	26.52
4955	26.52
4956	26.52
4957	26.61
4958	26.61
4959	26.61
4960	26.61
4961	26.61
4962	26.52
4963	26.52
4964	26.52
4965	26.52
4966	26.52
4967	26.52
4968	26.52
4969	26.52
4970	26.52
4971	26.52
4972	26.52
4973	26.52
4974	26.61
4975	26.61
4976	26.52
4977	26.43
4978	26.43
4979	26.43
4980	26.52
4981	26.52
4982	26.52
4983	26.52
4984	26.52
4985	26.52
4986	26.52
4987	26.52
4988	26.43
4989	26.43
4990	26.43
4991	26.43
4992	26.43
4993	26.43
4994	26.52
4995	26.52
4996	26.52
4997	26.52
4998	26.43
4999	26.43
5000	26.43
5001	26.43
5002	26.43
5003	26.43
5004	26.43
5005	26.43
5006	26.52
5007	26.43
5008	26.43
5009	26.43
5010	26.43
5011	26.43
5012	26.43
5013	26.43
5014	26.43
5015	26.43
5016	26.43
5017	26.43
5018	26.43
5019	26.43
5020	26.43
5021	26.34
5022	26.34
5023	26.43
5024	26.34
5025	26.43
5026	26.43
5027	26.43
5028	26.34
5029	26.43
5030	26.43
5031	26.43
5032	26.43
5033	26.43
5034	26.34
5035	26.43
5036	26.43
5037	26.43
5038	26.43
5039	26.43
5040	26.34
5041	26.34
5042	26.43
5043	26.34
5044	26.43
5045	26.43
5046	26.34
5047	26.34
5048	26.34
5049	26.34
5050	26.43
5051	26.43
5052	26.34
5053	26.34
5054	26.34
5055	26.34
5056	26.34
5057	26.43
5058	26.34
5059	26.34
5060	26.34
5061	26.34
5062	26.43
5063	26.34
5064	26.34
5065	26.34
5066	26.34
5067	26.34
5068	26.52
5069	26.34
5070	26.34
5071	26.34
5072	26.34
5073	26.43
5074	26.34
5075	26.34
5076	26.34
5077	26.34
5078	26.43
5079	26.25
5080	26.34
5081	26.34
5082	26.34
5083	26.34
5084	26.25
5085	26.34
5086	26.34
5087	26.34
5088	26.34
5089	26.25
5090	26.34
5091	26.34
5092	26.34
5093	26.34
5094	26.25
5095	26.25
5096	26.34
5097	26.34
5098	26.34
5099	26.25
5100	26.25
5101	26.34
5102	26.34
5103	26.25
5104	26.25
5105	26.25
5106	26.34
5107	26.34
5108	26.25
5109	26.25
5110	26.25
5111	26.25
5112	26.34
5113	26.25
5114	26.25
5115	26.25
5116	26.34
5117	26.25
5118	26.25
5119	26.25
5120	26.25
5121	26.25
5122	26.25
5123	26.25
5124	26.25
5125	26.25
5126	26.25
5127	26.25
5128	26.25
5129	26.25
5130	26.25
5131	26.25
5132	26.25
5133	26.25
5134	26.25
5135	26.25
5136	26.25
5137	26.16
5138	26.25
5139	26.25
5140	26.25
5141	26.25
5142	26.25
5143	26.25
5144	26.25
5145	26.16
5146	26.25
5147	26.25
5148	26.16
5149	26.16
5150	26.25
5151	26.25
5152	26.16
5153	26.16
5154	26.25
5155	26.16
5156	26.16
5157	26.16
5158	26.25
5159	26.16
5160	26.16
5161	26.25
5162	26.25
5163	26.16
5164	26.16
5165	26.25
5166	26.16
5167	26.16
5168	26.16
5169	26.25
5170	26.16
5171	26.16
5172	26.16
5173	26.16
5174	26.16
5175	26.16
5176	26.16
5177	26.16
5178	26.16
5179	26.25
5180	26.16
5181	26.16
5182	26.16
5183	26.16
5184	26.16
5185	26.16
5186	26.07
5187	26.16
5188	26.16
5189	26.07
5190	26.16
5191	26.16
5192	26.16
5193	26.16
5194	26.16
5195	26.16
5196	26.16
5197	26.16
5198	26.16
5199	26.07
5200	26.16
5201	26.16
5202	26.07
5203	26.16
5204	26.16
5205	26.16
5206	26.16
5207	26.07
5208	26.16
5209	26.07
5210	26.07
5211	26.16
5212	26.16
5213	26.16
5214	26.07
5215	26.16
5216	26.07
5217	26.16
5218	26.07
5219	26.16
5220	26.16
5221	26.07
5222	26.16
5223	26.07
5224	26.16
5225	26.07
5226	26.16
5227	26.07
5228	26.07
5229	26.07
5230	26.07
5231	26.16
5232	26.07
5233	26.16
5234	26.07
5235	26.07
5236	26.07
5237	26.07
5238	26.07
5239	26.07
5240	26.07
5241	26.16
5242	26.07
5243	26.07
5244	26.07
5245	26.07
5246	25.98
5247	26.07
5248	26.07
5249	26.07
5250	26.07
5251	26.07
5252	26.07
5253	26.07
5254	26.07
5255	26.07
5256	26.07
5257	26.07
5258	26.07
5259	25.98
5260	26.07
5261	25.98
5262	26.07
5263	26.07
5264	26.07
5265	26.07
5266	26.07
5267	25.98
5268	26.07
5269	26.07
5270	26.07
5271	26.07
5272	26.07
5273	26.07
5274	26.07
5275	25.98
5276	26.07
5277	26.07
5278	26.07
5279	26.07
5280	26.07
5281	26.07
5282	26.07
5283	25.98
5284	25.98
5285	25.98
5286	25.98
5287	26.07
5288	25.98
5289	25.98
5290	25.98
5291	26.07
5292	25.98
5293	26.07
5294	25.98
5295	26.07
5296	25.98
5297	25.98
5298	25.98
5299	26.07
5300	25.98
5301	26.07
5302	25.98
5303	26.07
5304	25.98
5305	25.98
5306	25.98
5307	25.98
5308	25.98
5309	25.98
5310	25.98
5311	25.98
5312	25.98
5313	25.98
5314	25.98
5315	25.98
5316	25.98
5317	25.98
5318	25.98
5319	25.98
5320	25.98
5321	25.98
5322	25.98
5323	25.98
5324	25.98
5325	25.98
5326	25.89
5327	25.98
5328	25.89
5329	25.98
5330	25.89
5331	25.98
5332	25.89
5333	25.98
5334	25.98
5335	25.98
5336	25.98
5337	25.98
5338	25.98
5339	25.98
5340	25.98
5341	25.98
5342	25.98
5343	25.89
5344	25.98
5345	25.89
5346	25.98
5347	25.89
5348	25.98
5349	25.98
5350	25.98
5351	25.89
5352	25.98
5353	25.98
5354	25.89
5355	25.98
5356	25.89
5357	25.98
5358	25.89
5359	25.98
5360	25.89
5361	25.98
5362	25.89
5363	25.98
5364	25.89
5365	25.89
5366	25.98
5367	25.89
5368	25.89
5369	25.89
5370	25.98
5371	25.89
5372	25.98
5373	25.89
5374	25.98
5375	25.89
5376	25.89
5377	25.89
5378	25.89
5379	25.98
5380	25.89
5381	25.98
5382	25.89
5383	25.98
5384	25.89
5385	25.98
5386	25.89
5387	25.89
5388	25.89
5389	25.89
5390	25.98
5391	25.89
5392	25.98
5393	25.89
5394	25.98
5395	25.89
5396	25.98
5397	25.89
5398	25.89
5399	25.89
5400	25.89
5401	25.98
5402	25.89
5403	25.98
5404	25.89
5405	25.98
5406	25.89
5407	25.89
5408	25.89
5409	25.89
5410	25.98
5411	25.89
5412	25.98
5413	25.89
5414	25.89
5415	25.89
5416	25.89
5417	25.98
5418	25.89
5419	25.98
5420	25.89
5421	25.89
5422	25.89
5423	25.89
5424	25.89
5425	25.89
5426	25.98
5427	25.89
5428	25.89
5429	25.89
5430	25.89
5431	25.98
5432	25.89
5433	25.98
5434	25.89
5435	25.89
5436	25.89
5437	25.89
5438	25.89
5439	25.89
5440	25.89
5441	25.89
5442	25.89
5443	25.89
5444	25.89
5445	25.89
5446	25.89
5447	25.80
5448	25.89
5449	25.89
5450	25.89
5451	25.89
5452	25.80
5453	25.89
5454	25.89
5455	25.89
5456	25.80
5457	25.80
5458	25.89
5459	25.80
5460	25.89
5461	25.89
5462	25.89
5463	25.89
5464	25.80
5465	25.89
5466	25.80
5467	25.80
5468	25.89
5469	25.80
5470	25.89
5471	25.80
5472	25.89
5473	25.89
5474	25.80
5475	25.89
5476	25.80
5477	25.89
5478	25.89
5479	25.80
5480	25.89
5481	25.89
5482	25.89
5483	25.89
5484	25.80
5485	25.89
5486	25.80
5487	25.89
5488	25.80
5489	25.89
5490	25.89
5491	25.80
5492	25.89
5493	25.80
5494	25.89
5495	25.80
5496	25.80
5497	25.80
5498	25.80
5499	25.89
5500	25.80
5501	25.89
5502	25.80
5503	25.80
5504	25.89
5505	25.80
5506	25.89
5507	25.80
5508	25.89
5509	25.80
5510	25.80
5511	25.80
5512	25.80
5513	25.89
5514	25.80
5515	25.80
5516	25.80
5517	25.80
5518	25.89
5519	25.80
5520	25.89
5521	25.80
5522	25.80
5523	25.80
5524	25.80
5525	25.89
5526	25.80
5527	25.80
5528	25.80
5529	25.80
5530	25.80
5531	25.80
5532	25.80
5533	25.80
5534	25.80
5535	25.80
5536	25.80
5537	25.89
5538	25.80
5539	25.80
5540	25.80
5541	25.80
5542	25.89
5543	25.80
5544	25.80
5545	25.80
5546	25.80
5547	25.89
5548	25.80
5549	25.80
5550	25.80
5551	25.80
5552	25.89
5553	25.80
5554	25.80
5555	25.80
5556	25.80
5557	25.71
5558	25.80
5559	25.80
5560	25.80
5561	25.80
5562	25.80
5563	25.80
5564	25.80
5565	25.89
5566	25.80
5567	25.80
5568	25.80
5569	25.80
5570	25.80
5571	25.80
5572	25.80
5573	25.80
5574	25.80
5575	25.71
5576	25.80
5577	25.80
5578	25.71
5579	25.80
5580	25.71
5581	25.80
5582	25.80
5583	25.71
5584	25.80
5585	25.80
5586	25.71
5587	25.80
5588	25.71
5589	25.71
5590	25.80
5591	25.71
5592	25.80
5593	25.80
5594	25.71
5595	25.80
5596	25.71
5597	25.71
5598	25.80
5599	25.71
5600	25.80
5601	25.80
5602	25.71
5603	25.80
5604	25.71
5605	25.80
5606	25.71
5607	25.71
5608	25.80
5609	25.71
5610	25.71
5611	25.80
5612	25.71
5613	25.80
5614	25.80
5615	25.71
5616	25.80
5617	25.71
5618	25.71
5619	25.80
5620	25.80
5621	25.71
5622	25.80
5623	25.71
5624	25.80
5625	25.80
5626	25.71
5627	25.80
5628	25.80
5629	25.71
5630	25.80
5631	25.71
5632	25.71
5633	25.80
5634	25.71
5635	25.71
5636	25.80
5637	25.71
5638	25.71
5639	25.71
5640	25.71
5641	25.71
5642	25.71
5643	25.71
5644	25.71
5645	25.71
5646	25.71
5647	25.71
5648	25.71
5649	25.71
5650	25.71
5651	25.71
5652	25.71
5653	25.80
5654	25.71
5655	25.71
5656	25.71
5657	25.71
5658	25.71
5659	25.80
5660	25.71
5661	25.71
5662	25.80
5663	25.71
5664	25.71
5665	25.80
5666	25.71
5667	25.71
5668	25.71
5669	25.71
5670	25.71
5671	25.71
5672	25.71
5673	25.71
5674	25.80
5675	25.71
5676	25.71
5677	25.71
5678	25.71
5679	25.71
5680	25.71
5681	25.71
5682	25.71
5683	25.71
5684	25.71
5685	25.71
5686	25.62
5687	25.71
5688	25.71
5689	25.62
5690	25.71
5691	25.71
5692	25.62
5693	25.71
5694	25.71
5695	25.62
5696	25.71
5697	25.71
5698	25.62
5699	25.71
5700	25.71
5701	25.62
5702	25.71
5703	25.71
5704	25.62
5705	25.71
5706	25.71
5707	25.62
5708	25.62
5709	25.71
5710	25.71
5711	25.62
5712	25.71
5713	25.62
5714	25.62
5715	25.71
5716	25.71
5717	25.62
5718	25.71
5719	25.71
5720	25.62
5721	25.62
5722	25.71
5723	25.71
5724	25.62
5725	25.71
5726	25.62
5727	25.62
5728	25.71
5729	25.71
5730	25.62
5731	25.62
5732	25.71
5733	25.62
5734	25.62
5735	25.71
5736	25.62
5737	25.62
5738	25.71
5739	25.71
5740	25.62
5741	25.62
5742	25.71
5743	25.62
5744	25.62
5745	25.71
5746	25.62
5747	25.62
5748	25.62
5749	25.71
5750	25.62
5751	25.62
5752	25.71
5753	25.62
5754	25.62
5755	25.71
5756	25.62
5757	25.62
5758	25.62
5759	25.62
5760	25.62
5761	25.62
5762	25.62
5763	25.62
5764	25.62
5765	25.62
5766	25.62
5767	25.62
5768	25.62
5769	25.71
5770	25.62
5771	25.62
5772	25.53
5773	25.62
5774	25.62
5775	25.62
5776	25.71
5777	25.62
5778	25.62
5779	25.71
5780	25.62
5781	25.62
5782	25.62
5783	25.62
5784	25.62
5785	25.62
5786	25.62
5787	25.62
5788	25.62
5789	25.62
5790	25.62
5791	25.62
5792	25.62
5793	25.53
5794	25.62
5795	25.62
5796	25.62
5797	25.62
5798	25.62
5799	25.62
5800	25.53
5801	25.62
5802	25.62
5803	25.62
5804	25.62
5805	25.62
5806	25.62
5807	25.62
5808	25.62
5809	25.62
5810	25.62
5811	25.62
5812	25.62
5813	25.62
5814	25.53
5815	25.62
5816	25.62
5817	25.53
5818	25.62
5819	25.62
5820	25.62
5821	25.53
5822	25.62
5823	25.62
5824	25.53
5825	25.62
5826	25.62
5827	25.62
5828	25.62
5829	25.62
5830	25.62
5831	25.62
5832	25.53
5833	25.62
5834	25.62
5835	25.62
5836	25.53
5837	25.62
5838	25.62
5839	25.53
5840	25.62
5841	25.62
5842	25.62
5843	25.53
5844	25.62
5845	25.62
5846	25.62
5847	25.53
5848	25.62
5849	25.62
5850	25.62
5851	25.53
5852	25.62
5853	25.62
5854	25.53
5855	25.53
5856	25.62
5857	25.62
5858	25.53
5859	25.53
5860	25.62
5861	25.62
5862	25.53
5863	25.62
5864	25.62
5865	25.62
5866	25.53
5867	25.62
5868	25.62
5869	25.62
5870	25.53
5871	25.62
5872	25.62
5873	25.62
5874	25.53
5875	25.62
5876	25.62
5877	25.53
5878	25.53
5879	25.62
5880	25.53
5881	25.53
5882	25.53
5883	25.62
5884	25.62
5885	25.53
5886	25.53
5887	25.62
5888	25.62
5889	25.53
5890	25.53
5891	25.62
5892	25.53
5893	25.53
5894	25.53
5895	25.62
5896	25.53
5897	25.53
5898	25.53
5899	25.62
5900	25.62
5901	25.53
5902	25.53
5903	25.62
5904	25.62
5905	25.53
5906	25.53
5907	25.62
5908	25.53
5909	25.53
5910	25.53
5911	25.62
5912	25.62
5913	25.53
5914	25.53
5915	25.62
5916	25.62
5917	25.53
5918	25.53
5919	25.62
5920	25.53
5921	25.53
5922	25.53
5923	25.62
5924	25.53
5925	25.53
5926	25.53
5927	25.62
5928	25.62
5929	25.53
5930	25.53
5931	25.62
5932	25.62
5933	25.53
5934	25.53
5935	25.53
5936	25.62
5937	25.53
5938	25.53
5939	25.53
5940	25.62
5941	25.62
5942	25.53
5943	25.53
5944	25.62
5945	25.62
5946	25.53
5947	25.53
5948	25.62
5949	25.62
5950	25.53
5951	25.53
5952	25.62
5953	25.62
5954	25.53
5955	25.53
5956	25.62
5957	25.62
5958	25.53
5959	25.53
5960	25.62
5961	25.62
5962	25.62
5963	25.53
5964	25.53
5965	25.62
5966	25.53
5967	25.53
5968	25.53
5969	25.62
5970	25.62
5971	25.53
5972	25.53
5973	25.62
5974	25.62
5975	25.62
5976	25.53
5977	25.53
5978	25.62
5979	25.53
5980	25.53
5981	25.53
5982	25.53
5983	25.53
5984	25.53
5985	25.53
5986	25.53
5987	25.53
5988	25.62
5989	25.53
5990	25.53
5991	25.53
5992	25.53
5993	25.62
5994	25.62
5995	25.53
5996	25.53
5997	25.53
5998	25.53
5999	25.62
6000	25.53
6001	25.53
6002	25.53
6003	25.53
6004	25.53
6005	25.53
6006	25.53
6007	25.53
6008	25.53
6009	25.53
6010	25.53
6011	25.62
6012	25.53
6013	25.53
6014	25.53
6015	25.53
6016	25.53
6017	25.53
6018	25.53
6019	25.53
6020	25.53
6021	25.53
6022	25.53
6023	25.53
6024	25.53
6025	25.53
6026	25.53
6027	25.45
6028	25.53
6029	25.53
6030	25.53
6031	25.53
6032	25.53
6033	25.53
6034	25.53
6035	25.53
6036	25.53
6037	25.53
6038	25.53
6039	25.53
6040	25.45
6041	25.53
6042	25.53
6043	25.53
6044	25.53
6045	25.53
6046	25.45
6047	25.53
6048	25.53
6049	25.53
6050	25.53
6051	25.53
6052	25.45
6053	25.53
6054	25.53
6055	25.53
6056	25.53
6057	25.53
6058	25.53
6059	25.45
6060	25.53
6061	25.53
6062	25.53
6063	25.53
6064	25.53
6065	25.45
6066	25.45
6067	25.53
6068	25.53
6069	25.53
6070	25.45
6071	25.45
6072	25.45
6073	25.53
6074	25.53
6075	25.53
6076	25.53
6077	25.53
6078	25.53
6079	25.45
6080	25.45
6081	25.53
6082	25.53
6083	25.53
6084	25.53
6085	25.53
6086	25.45
6087	25.45
6088	25.53
6089	25.53
6090	25.53
6091	25.53
6092	25.45
6093	25.45
6094	25.45
6095	25.45
6096	25.53
6097	25.53
6098	25.53
6099	25.53
6100	25.45
6101	25.45
6102	25.45
6103	25.53
6104	25.53
6105	25.53
6106	25.53
6107	25.45
6108	25.45
6109	25.45
6110	25.53
6111	25.53
6112	25.45
6113	25.45
6114	25.45
6115	25.45
6116	25.53
6117	25.53
6118	25.45
6119	25.45
6120	25.45
6121	25.45
6122	25.53
6123	25.45
6124	25.53
6125	25.45
6126	25.45
6127	25.45
6128	25.53
6129	25.53
6130	25.53
6131	25.45
6132	25.45
6133	25.45
6134	25.53
6135	25.53
6136	25.45
6137	25.45
6138	25.45
6139	25.45
6140	25.45
6141	25.53
6142	25.45
6143	25.45
6144	25.45
6145	25.45
6146	25.45
6147	25.53
6148	25.53
6149	25.45
6150	25.45
6151	25.45
6152	25.45
6153	25.53
6154	25.53
6155	25.45
6156	25.45
6157	25.45
6158	25.45
6159	25.53
6160	25.45
6161	25.45
6162	25.45
6163	25.45
6164	25.45
6165	25.53
6166	25.45
6167	25.45
6168	25.45
6169	25.45
6170	25.45
6171	25.45
6172	25.53
6173	25.53
6174	25.45
6175	25.45
6176	25.45
6177	25.45
6178	25.53
6179	25.45
6180	25.45
6181	25.45
6182	25.45
6183	25.36
6184	25.45
6185	25.45
6186	25.45
6187	25.45
6188	25.45
6189	25.45
6190	25.53
6191	25.45
6192	25.45
6193	25.45
6194	25.45
6195	25.53
6196	25.53
6197	25.53
6198	25.45
6199	25.45
6200	25.45
6201	25.53
6202	25.45
6203	25.45
6204	25.45
6205	25.45
6206	25.45
6207	25.53
6208	25.45
6209	25.45
6210	25.45
6211	25.45
6212	25.45
6213	25.45
6214	25.45
6215	25.45
6216	25.45
6217	25.45
6218	25.45
6219	25.45
6220	25.45
6221	25.45
6222	25.45
6223	25.45
6224	25.36
6225	25.45
6226	25.45
6227	25.45
6228	25.45
6229	25.45
6230	25.45
6231	25.45
6232	25.45
6233	25.45
6234	25.45
6235	25.45
6236	25.45
6237	25.45
6238	25.45
6239	25.45
6240	25.45
6241	25.45
6242	25.53
6243	25.53
6244	25.45
6245	25.45
6246	25.45
6247	25.45
6248	25.45
6249	25.45
6250	25.45
6251	25.45
6252	25.45
6253	25.36
6254	25.36
6255	25.45
6256	25.45
6257	25.45
6258	25.45
6259	25.36
6260	25.45
6261	25.45
6262	25.45
6263	25.45
6264	25.45
6265	25.45
6266	25.45
6267	25.36
6268	25.36
6269	25.45
6270	25.45
6271	25.45
6272	25.45
6273	25.45
6274	25.45
6275	25.45
6276	25.45
6277	25.45
6278	25.45
6279	25.45
6280	25.45
6281	25.45
6282	25.45
6283	25.45
6284	25.45
6285	25.45
6286	25.45
6287	25.45
6288	25.45
6289	25.45
6290	25.53
6291	25.45
6292	25.45
6293	25.45
6294	25.45
6295	25.45
6296	25.45
6297	25.45
6298	25.45
6299	25.45
6300	25.45
6301	25.45
6302	25.45
6303	25.45
6304	25.45
6305	25.45
6306	25.45
6307	25.45
6308	25.45
6309	25.45
6310	25.45
6311	25.36
6312	25.45
6313	25.45
6314	25.45
6315	25.45
6316	25.45
6317	25.45
6318	25.36
6319	25.45
6320	25.45
6321	25.45
6322	25.45
6323	25.45
6324	25.36
6325	25.45
6326	25.36
6327	25.45
6328	25.45
6329	25.45
6330	25.45
6331	25.36
6332	25.36
6333	25.36
6334	25.45
6335	25.45
6336	25.45
6337	25.45
6338	25.45
6339	25.36
6340	25.36
6341	25.45
6342	25.45
6343	25.45
6344	25.45
6345	25.45
6346	25.45
6347	25.36
6348	25.36
6349	25.45
6350	25.45
6351	25.45
6352	25.45
6353	25.45
6354	25.36
6355	25.36
6356	25.45
6357	25.45
6358	25.45
6359	25.45
6360	25.45
6361	25.36
6362	25.36
6363	25.36
6364	25.45
6365	25.45
6366	25.45
6367	25.45
6368	25.45
6369	25.45
6370	25.36
6371	25.45
6372	25.45
6373	25.45
6374	25.45
6375	25.45
6376	25.45
6377	25.36
6378	25.36
6379	25.45
6380	25.45
6381	25.45
6382	25.45
6383	25.45
6384	25.45
6385	25.36
6386	25.45
6387	25.45
6388	25.45
6389	25.45
6390	25.45
6391	25.45
6392	25.36
6393	25.45
6394	25.45
6395	25.45
6396	25.45
6397	25.36
6398	25.36
6399	25.36
6400	25.36
6401	25.45
6402	25.45
6403	25.45
6404	25.45
6405	25.45
6406	25.45
6407	25.36
6408	25.45
6409	25.45
6410	25.45
6411	25.45
6412	25.45
6413	25.36
6414	25.36
6415	25.36
6416	25.45
6417	25.45
6418	25.45
6419	25.45
6420	25.45
6421	25.45
6422	25.36
6423	25.45
6424	25.45
6425	25.45
6426	25.45
6427	25.36
6428	25.36
6429	25.36
6430	25.45
6431	25.45
6432	25.45
6433	25.45
6434	25.36
6435	25.36
6436	25.36
6437	25.36
6438	25.45
6439	25.45
6440	25.45
6441	25.45
6442	25.36
6443	25.36
6444	25.36
6445	25.36
6446	25.45
6447	25.45
6448	25.45
6449	25.45
6450	25.36
6451	25.36
6452	25.36
6453	25.36
6454	25.45
6455	25.45
6456	25.45
6457	25.45
6458	25.45
6459	25.36
6460	25.36
6461	25.36
6462	25.45
6463	25.45
6464	25.45
6465	25.36
6466	25.45
6467	25.36
6468	25.36
6469	25.36
6470	25.45
6471	25.45
6472	25.45
6473	25.45
6474	25.45
6475	25.45
6476	25.36
6477	25.36
6478	25.36
6479	25.45
6480	25.45
6481	25.45
6482	25.45
6483	25.36
6484	25.36
6485	25.36
6486	25.36
6487	25.36
6488	25.45
6489	25.45
6490	25.45
6491	25.36
6492	25.36
6493	25.36
6494	25.36
6495	25.36
6496	25.36
6497	25.45
6498	25.45
6499	25.45
6500	25.45
6501	25.45
6502	25.36
6503	25.36
6504	25.36
6505	25.36
6506	25.45
6507	25.45
6508	25.45
6509	25.45
6510	25.36
6511	25.36
6512	25.36
6513	25.36
6514	25.36
6515	25.45
6516	25.45
6517	25.45
6518	25.36
6519	25.36
6520	25.36
6521	25.36
6522	25.36
6523	25.36
6524	25.36
6525	25.45
6526	25.45
6527	25.45
6528	25.45
6529	25.45
6530	25.36
6531	25.36
6532	25.36
6533	25.36
6534	25.45
6535	25.45
6536	25.45
6537	25.45
6538	25.36
6539	25.36
6540	25.36
6541	25.36
6542	25.36
6543	25.45
6544	25.45
6545	25.36
6546	25.36
6547	25.36
6548	25.36
6549	25.36
6550	25.36
6551	25.45
6552	25.45
6553	25.45
6554	25.36
6555	25.36
6556	25.36
6557	25.36
6558	25.36
6559	25.36
6560	25.45
6561	25.45
6562	25.36
6563	25.36
6564	25.36
6565	25.36
6566	25.36
6567	25.36
6568	25.45
6569	25.45
6570	25.45
6571	25.45
6572	25.36
6573	25.36
6574	25.36
6575	25.36
6576	25.45
6577	25.45
6578	25.45
6579	25.36
6580	25.36
6581	25.36
6582	25.36
6583	25.36
6584	25.45
6585	25.45
6586	25.45
6587	25.45
6588	25.36
6589	25.36
6590	25.36
6591	25.36
6592	25.36
6593	25.45
6594	25.45
6595	25.45
6596	25.36
6597	25.36
6598	25.36
6599	25.36
6600	25.36
6601	25.45
6602	25.45
6603	25.36
6604	25.36
6605	25.36
6606	25.36
6607	25.36
6608	25.45
6609	25.45
6610	25.45
6611	25.36
6612	25.36
6613	25.36
6614	25.36
6615	25.36
6616	25.45
6617	25.45
6618	25.45
6619	25.45
6620	25.36
6621	25.36
6622	25.36
6623	25.36
6624	25.45
6625	25.45
6626	25.45
6627	25.36
6628	25.36
6629	25.36
6630	25.36
6631	25.45
6632	25.45
6633	25.45
6634	25.45
6635	25.36
6636	25.36
6637	25.45
6638	25.45
6639	25.45
6640	25.45
6641	25.36
6642	25.36
6643	25.36
6644	25.45
6645	25.36
6646	25.45
6647	25.45
6648	25.36
6649	25.36
6650	25.36
6651	25.45
6652	25.45
6653	25.45
6654	25.36
6655	25.36
6656	25.36
6657	25.36
6658	25.36
6659	25.45
6660	25.45
6661	25.45
6662	25.36
6663	25.36
6664	25.36
6665	25.36
6666	25.45
6667	25.36
6668	25.36
6669	25.36
6670	25.36
6671	25.36
6672	25.36
6673	25.45
6674	25.36
6675	25.36
6676	25.36
6677	25.36
6678	25.36
6679	25.36
6680	25.36
6681	25.45
6682	25.36
6683	25.36
6684	25.36
6685	25.36
6686	25.36
6687	25.36
6688	25.36
6689	25.45
6690	25.36
6691	25.36
6692	25.36
6693	25.36
6694	25.36
6695	25.36
6696	25.36
6697	25.45
6698	25.45
6699	25.36
6700	25.36
6701	25.36
6702	25.36
6703	25.36
6704	25.36
6705	25.36
6706	25.36
6707	25.36
6708	25.36
6709	25.36
6710	25.36
6711	25.36
6712	25.36
6713	25.27
6714	25.36
6715	25.36
6716	25.36
6717	25.36
6718	25.36
6719	25.36
6720	25.36
6721	25.36
6722	25.36
6723	25.45
6724	25.36
6725	25.36
6726	25.36
6727	25.36
6728	25.36
6729	25.36
6730	25.36
6731	25.36
6732	25.36
6733	25.36
6734	25.36
6735	25.36
6736	25.36
6737	25.36
6738	25.45
6739	25.36
6740	25.36
6741	25.36
6742	25.36
6743	25.36
6744	25.36
6745	25.36
6746	25.36
6747	25.36
6748	25.36
6749	25.36
6750	25.36
6751	25.36
6752	25.36
6753	25.36
6754	25.45
6755	25.45
6756	25.36
6757	25.36
6758	25.36
6759	25.36
6760	25.36
6761	25.36
6762	25.36
6763	25.36
6764	25.36
6765	25.36
6766	25.36
6767	25.36
6768	25.36
6769	25.45
6770	25.36
6771	25.36
6772	25.36
6773	25.36
6774	25.36
6775	25.36
6776	25.27
6777	25.45
6778	25.36
6779	25.36
6780	25.36
6781	25.36
6782	25.36
6783	25.36
6784	25.45
6785	25.45
6786	25.36
6787	25.36
6788	25.36
6789	25.36
6790	25.36
6791	25.36
6792	25.45
6793	25.36
6794	25.36
6795	25.36
6796	25.36
6797	25.36
6798	25.36
6799	25.45
6800	25.45
6801	25.36
6802	25.36
6803	25.36
6804	25.36
6805	25.36
6806	25.36
6807	25.45
6808	25.36
6809	25.36
6810	25.36
6811	25.36
6812	25.36
6813	25.36
6814	25.45
6815	25.36
6816	25.36
6817	25.36
6818	25.36
6819	25.36
6820	25.36
6821	25.36
6822	25.36
6823	25.36
6824	25.36
6825	25.36
6826	25.36
6827	25.36
6828	25.36
6829	25.36
6830	25.36
6831	25.36
6832	25.36
6833	25.36
6834	25.36
6835	25.36
6836	25.36
6837	25.36
6838	25.36
6839	25.36
6840	25.36
6841	25.36
6842	25.36
6843	25.36
6844	25.36
6845	25.36
6846	25.36
6847	25.45
6848	25.36
6849	25.36
6850	25.36
6851	25.36
6852	25.36
6853	25.36
6854	25.27
6855	25.36
6856	25.36
6857	25.36
6858	25.36
6859	25.36
6860	25.36
6861	25.36
6862	25.36
6863	25.36
6864	25.45
6865	25.36
6866	25.36
6867	25.36
6868	25.36
6869	25.36
6870	25.36
6871	25.36
6872	25.36
6873	25.36
6874	25.36
6875	25.36
6876	25.45
6877	25.45
6878	25.36
6879	25.36
6880	25.36
6881	25.36
6882	25.36
6883	25.36
6884	25.36
6885	25.36
6886	25.27
6887	25.36
6888	25.36
6889	25.36
6890	25.36
6891	25.36
6892	25.36
6893	25.36
6894	25.36
6895	25.36
6896	25.36
6897	25.45
6898	25.36
6899	25.45
6900	25.45
6901	25.36
6902	25.36
6903	25.36
6904	25.36
6905	25.36
6906	25.36
6907	25.45
6908	25.36
6909	25.36
6910	25.36
6911	25.36
6912	25.36
6913	25.36
6914	25.36
6915	25.36
6916	25.36
6917	25.36
6918	25.36
6919	25.36
6920	25.36
6921	25.36
6922	25.36
6923	25.36
6924	25.36
6925	25.27
6926	25.36
6927	25.36
6928	25.36
6929	25.36
6930	25.36
6931	25.36
6932	25.36
6933	25.36
6934	25.36
6935	25.36
6936	25.45
6937	25.45
6938	25.36
6939	25.36
6940	25.36
6941	25.36
6942	25.36
6943	25.36
6944	25.36
6945	25.36
6946	25.45
6947	25.45
6948	25.36
6949	25.36
6950	25.36
6951	25.36
6952	25.36
6953	25.36
6954	25.36
6955	25.45
6956	25.36
6957	25.45
6958	25.36
6959	25.36
6960	25.36
6961	25.36
6962	25.36
6963	25.45
6964	25.36
6965	25.45
6966	25.36
6967	25.36
6968	25.36
6969	25.36
6970	25.36
6971	25.36
6972	25.45
6973	25.36
6974	25.36
6975	25.36
6976	25.36
6977	25.36
6978	25.36
6979	25.36
6980	25.36
6981	25.36
6982	25.45
6983	25.36
6984	25.36
6985	25.36
6986	25.36
6987	25.36
6988	25.36
6989	25.36
6990	25.36
6991	25.36
6992	25.36
6993	25.36
6994	25.45
6995	25.45
6996	25.36
6997	25.36
6998	25.36
6999	25.36
7000	25.36
7001	25.36
7002	25.36
7003	25.36
7004	25.45
7005	25.36
7006	25.36
7007	25.36
7008	25.36
7009	25.36
7010	25.36
7011	25.36
7012	25.36
7013	25.36
7014	25.36
7015	25.36
7016	25.36
7017	25.36
7018	25.45
7019	25.36
7020	25.36
7021	25.36
7022	25.36
7023	25.36
7024	25.36
7025	25.36
7026	25.36
7027	25.36
7028	25.36
7029	25.36
7030	25.36
7031	25.36
7032	25.45
7033	25.45
7034	25.45
7035	25.36
7036	25.36
7037	25.36
7038	25.36
7039	25.36
7040	25.36
7041	25.36
7042	25.36
7043	25.36
7044	25.36
7045	25.36
7046	25.36
7047	25.36
7048	25.27
7049	25.45
7050	25.36
7051	25.45
7052	25.36
7053	25.36
7054	25.36
7055	25.36
7056	25.36
7057	25.36
7058	25.36
7059	25.36
7060	25.36
7061	25.36
7062	25.36
7063	25.36
7064	25.36
7065	25.36
7066	25.36
7067	25.36
7068	25.36
7069	25.36
7070	25.36
7071	25.36
7072	25.36
7073	25.36
7074	25.36
7075	25.36
7076	25.36
7077	25.36
7078	25.36
7079	25.36
7080	25.36
7081	25.27
7082	25.45
7083	25.36
7084	25.36
7085	25.36
7086	25.36
7087	25.36
7088	25.36
7089	25.36
7090	25.36
7091	25.36
7092	25.27
7093	25.27
7094	25.36
7095	25.36
7096	25.36
7097	25.36
7098	25.36
7099	25.36
7100	25.36
7101	25.36
7102	25.36
7103	25.36
7104	25.36
7105	25.36
7106	25.27
7107	25.36
7108	25.36
7109	25.36
7110	25.36
7111	25.36
7112	25.36
7113	25.36
7114	25.36
7115	25.36
7116	25.36
7117	25.36
7118	25.36
7119	25.45
7120	25.36
7121	25.36
7122	25.36
7123	25.36
7124	25.36
7125	25.36
7126	25.36
7127	25.36
7128	25.36
7129	25.36
7130	25.36
7131	25.36
7132	25.36
7133	25.27
7134	25.45
7135	25.36
7136	25.36
7137	25.36
7138	25.36
7139	25.36
7140	25.36
7141	25.36
7142	25.36
7143	25.36
7144	25.36
7145	25.36
7146	25.36
7147	25.36
7148	25.36
7149	25.36
7150	25.36
7151	25.36
7152	25.36
7153	25.36
7154	25.36
7155	25.36
7156	25.36
7157	25.36
7158	25.36
7159	25.36
7160	25.36
7161	25.36
7162	25.27
7163	25.27
7164	25.36
7165	25.36
7166	25.36
7167	25.36
7168	25.36
7169	25.36
7170	25.36
7171	25.36
7172	25.36
7173	25.36
7174	25.36
7175	25.36
7176	25.36
7177	25.36
7178	25.36
7179	25.36
7180	25.36
7181	25.36
7182	25.36
7183	25.36
7184	25.36
7185	25.36
7186	25.36
7187	25.36
7188	25.36
7189	25.36
7190	25.36
7191	25.36
7192	25.36
7193	25.36
7194	25.27
7195	25.45
7196	25.45
7197	25.36
7198	25.36
7199	25.36
