0	27.24
1	27.42
2	27.42
3	27.33
4	27.42
5	27.60
6	27.60
7	27.70
8	27.79
9	27.70
10	27.70
11	27.70
12	27.79
13	27.79
14	27.79
15	27.88
16	27.88
17	27.88
18	27.97
19	27.88
20	27.88
21	27.97
22	27.97
23	28.06
24	28.15
25	28.06
26	28.06
27	28.06
28	28.15
29	28.06
30	28.15
31	28.15
32	28.15
33	28.15
34	28.24
35	28.24
36	28.24
37	28.24
38	28.24
39	28.24
40	28.15
41	28.15
42	28.24
43	28.24
44	28.15
45	28.15
46	28.24
47	28.15
48	28.33
49	28.24
50	28.24
51	28.33
52	28.42
53	28.33
54	28.33
55	28.33
56	28.33
57	28.33
58	28.42
59	28.42
60	28.42
61	28.42
62	28.42
63	28.42
64	28.52
65	28.52
66	28.52
67	28.61
68	28.52
69	28.61
70	28.52
71	28.52
72	28.52
73	28.61
74	28.70
75	28.70
76	28.70
77	28.70
78	28.70
79	28.79
80	28.79
81	28.79
82	28.79
83	28.79
84	28.79
85	28.79
86	28.79
87	28.88
88	28.79
89	28.88
90	28.88
91	28.88
92	28.97
93	28.97
94	28.97
95	28.97
96	28.97
97	29.07
98	29.07
99	28.97
100	28.97
101	29.07
102	29.07
103	29.16
104	29.25
105	29.16
106	29.07
107	29.07
108	29.16
109	29.16
110	29.16
111	29.25
112	29.34
113	29.25
114	29.16
115	29.25
116	29.25
117	29.34
118	29.34
119	29.34
120	29.34
121	29.43
122	29.34
123	29.34
124	29.34
125	29.34
126	29.43
127	29.34
128	29.43
129	29.53
130	29.53
131	29.43
132	29.43
133	29.53
134	29.43
135	29.53
136	29.53
137	29.53
138	29.62
139	29.62
140	29.53
141	29.62
142	29.62
143	29.80
144	29.62
145	29.62
146	29.71
147	29.71
148	29.71
149	29.62
150	29.71
151	29.71
152	29.71
153	29.90
154	29.80
155	29.80
156	29.90
157	29.90
158	29.80
159	29.90
160	29.90
161	29.90
162	29.99
163	29.99
164	29.99
165	29.99
166	30.08
167	29.99
168	30.08
169	30.08
170	30.17
171	30.08
172	30.08
173	30.08
174	30.17
175	30.08
176	30.17
177	30.36
178	30.17
179	30.17
180	30.27
181	30.36
182	30.27
183	30.27
184	30.27
185	30.36
186	30.36
187	30.27
188	30.36
189	30.36
190	30.36
191	30.36
192	30.36
193	30.36
194	30.36
195	30.45
196	30.36
197	30.36
198	30.36
199	30.45
200	30.45
201	30.55
202	30.55
203	30.55
204	30.55
205	30.55
206	30.55
207	30.55
208	30.64
209	30.45
210	30.55
211	30.55
212	30.64
213	30.55
214	30.64
215	30.64
216	30.64
217	30.73
218	30.73
219	30.73
220	30.73
221	30.73
222	30.73
223	30.73
224	30.73
225	30.83
226	30.83
227	30.73
228	30.92
229	30.83
230	30.92
231	30.92
232	30.83
233	30.83
234	30.92
235	30.92
236	30.92
237	31.01
238	30.92
239	31.01
240	31.11
241	31.01
242	30.92
243	31.01
244	31.01
245	31.01
246	31.01
247	31.01
248	31.01
249	31.01
250	31.01
251	31.11
252	31.11
253	31.11
254	31.39
255	31.20
256	31.20
257	31.20
258	31.11
259	31.20
260	31.30
261	31.20
262	31.30
263	31.39
264	31.20
265	31.30
266	31.30
267	31.39
268	31.30
269	31.39
270	31.39
271	31.30
272	31.48
273	31.39
274	31.48
275	31.48
276	31.39
277	31.48
278	31.39
279	31.48
280	31.39
281	31.48
282	31.58
283	31.48
284	31.58
285	31.48
286	31.58
287	31.67
288	31.67
289	31.58
290	31.58
291	31.58
292	31.77
293	31.58
294	31.58
295	31.58
296	31.67
297	31.86
298	31.77
299	31.77
300	31.67
301	31.67
302	31.86
303	31.86
304	31.67
305	31.67
306	31.86
307	31.86
308	31.86
309	31.86
310	31.86
311	31.86
312	31.86
313	31.86
314	31.96
315	31.86
316	32.05
317	32.05
318	31.86
319	31.96
320	31.96
321	31.96
322	31.96
323	31.96
324	31.96
325	31.96
326	32.05
327	32.15
328	32.05
329	32.05
330	32.34
331	32.15
332	32.05
333	32.05
334	32.15
335	32.05
336	32.15
337	32.05
338	32.05
339	32.15
340	32.05
341	32.05
342	32.05
343	32.34
344	32.24
345	32.15
346	32.24
347	32.24
348	32.24
349	32.24
350	32.24
351	32.43
352	32.53
353	32.24
354	32.24
355	32.34
356	32.34
357	32.43
358	32.34
359	32.34
360	32.34
361	32.43
362	32.34
363	32.34
364	32.43
365	32.43
366	32.53
367	32.53
368	32.43
369	32.43
370	32.53
371	32.53
372	32.34
373	32.72
374	32.43
375	32.43
376	32.43
377	32.53
378	32.53
379	32.53
380	32.53
381	32.53
382	32.53
383	32.53
384	32.53
385	32.62
386	32.72
387	32.72
388	32.72
389	32.62
390	32.72
391	32.81
392	32.72
393	32.72
394	32.72
395	32.62
396	32.72
397	32.81
398	32.72
399	32.81
400	32.81
401	32.81
402	32.81
403	32.72
404	32.81
405	32.81
406	32.81
407	32.81
408	32.81
409	32.81
410	32.81
411	32.91
412	32.81
413	33.10
414	32.81
415	33.01
416	32.91
417	32.91
418	32.91
419	33.01
420	32.91
421	32.91
422	33.10
423	33.01
424	33.01
425	32.91
426	33.01
427	33.01
428	33.10
429	32.91
430	33.01
431	33.01
432	33.01
433	33.10
434	33.20
435	33.20
436	33.10
437	33.20
438	33.20
439	33.10
440	33.20
441	33.20
442	33.20
443	33.20
444	33.20
445	33.30
446	33.20
447	33.30
448	33.20
449	33.20
450	33.20
451	33.30
452	33.20
453	33.30
454	33.30
455	33.30
456	33.30
457	33.30
458	33.30
459	33.39
460	33.30
461	33.39
462	33.30
463	33.39
464	33.39
465	33.30
466	33.39
467	33.39
468	33.30
469	33.30
470	33.39
471	33.39
472	33.30
473	33.39
474	33.78
475	33.49
476	33.39
477	33.39
478	33.49
479	33.39
480	33.39
481	33.49
482	33.49
483	33.49
484	33.49
485	33.49
486	33.39
487	33.49
488	33.49
489	33.49
490	33.49
491	33.59
492	33.49
493	33.59
494	33.59
495	33.59
496	33.59
497	33.59
498	33.59
499	33.68
500	33.68
501	33.59
502	33.59
503	33.68
504	33.78
505	33.68
506	33.68
507	33.78
508	33.68
509	33.68
510	33.68
511	33.78
512	33.78
513	33.78
514	33.88
515	33.88
516	33.88
517	33.78
518	33.78
519	33.88
520	33.88
521	33.97
522	33.78
523	33.88
524	33.88
525	33.88
526	33.88
527	33.97
528	33.88
529	33.88
530	33.97
531	33.88
532	33.97
533	33.97
534	34.07
535	33.97
536	33.97
537	33.97
538	33.97
539	34.07
540	34.07
541	34.27
542	34.07
543	34.07
544	34.07
545	34.07
546	33.97
547	34.07
548	33.97
549	34.07
550	34.07
551	34.17
552	34.07
553	34.17
554	34.17
555	34.17
556	34.17
557	34.07
558	34.17
559	34.27
560	34.27
561	34.17
562	34.27
563	34.17
564	34.17
565	34.27
566	34.17
567	34.27
568	34.27
569	34.27
570	34.36
571	34.27
572	34.17
573	34.27
574	34.27
575	34.36
576	34.27
577	34.36
578	34.46
579	34.27
580	34.36
581	34.36
582	34.36
583	34.36
584	34.36
585	34.46
586	34.36
587	34.36
588	34.36
589	34.56
590	34.36
591	34.46
592	34.36
593	34.36
594	34.36
595	34.36
596	34.46
597	34.46
598	34.46
599	34.46
600	34.46
601	34.56
602	34.56
603	34.46
604	34.46
605	34.56
606	34.46
607	34.46
608	34.56
609	34.56
610	34.56
611	34.85
612	34.66
613	34.56
614	34.76
615	34.66
616	34.76
617	34.66
618	34.66
619	34.66
620	34.66
621	34.66
622	34.76
623	34.66
624	34.66
625	34.66
626	34.56
627	34.66
628	34.76
629	34.66
630	34.66
631	34.66
632	34.66
633	34.66
634	34.66
635	34.76
636	34.66
637	34.66
638	34.76
639	34.85
640	34.76
641	34.95
642	34.76
643	34.76
644	34.76
645	34.66
646	34.66
647	34.76
648	34.76
649	34.76
650	34.76
651	34.66
652	34.76
653	34.85
654	34.85
655	34.85
656	34.85
657	34.76
658	34.76
659	34.95
660	34.76
661	34.95
662	34.76
663	34.95
664	34.85
665	34.85
666	34.95
667	34.85
668	34.95
669	34.95
670	35.05
671	34.95
672	34.95
673	34.95
674	34.85
675	35.05
676	34.95
677	35.05
678	34.95
679	34.95
680	35.05
681	35.05
682	34.95
683	34.95
684	35.15
685	35.05
686	35.05
687	35.05
688	35.05
689	35.05
690	35.15
691	35.05
692	35.15
693	35.05
694	35.05
695	35.15
696	35.15
697	35.15
698	35.05
699	35.05
700	35.15
701	35.15
702	35.25
703	35.25
704	35.15
705	35.15
706	35.15
707	35.25
708	35.25
709	35.25
710	35.35
711	35.25
712	35.25
713	35.15
714	35.05
715	35.15
716	35.15
717	35.15
718	35.15
719	35.45
720	35.15
721	35.35
722	35.15
723	35.35
724	35.25
725	35.35
726	35.25
727	35.35
728	35.25
729	35.35
730	35.35
731	35.35
732	35.25
733	35.35
734	35.35
735	35.25
736	35.45
737	35.35
738	35.35
739	35.35
740	35.35
741	35.45
742	35.45
743	35.35
744	35.35
745	35.45
746	35.45
747	35.25
748	35.35
749	35.45
750	35.35
751	35.35
752	35.35
753	35.35
754	35.35
755	35.45
756	35.45
757	35.45
758	35.45
759	35.45
760	35.45
761	35.55
762	35.45
763	35.55
764	35.55
765	35.55
766	35.45
767	35.45
768	35.45
769	35.65
770	35.45
771	35.55
772	35.55
773	35.45
774	35.45
775	35.55
776	35.55
777	35.55
778	35.55
779	35.85
780	35.55
781	35.65
782	35.65
783	35.65
784	35.65
785	35.65
786	35.65
787	35.75
788	35.65
789	35.55
790	35.65
791	35.55
792	35.55
793	35.65
794	35.55
795	35.55
796	35.65
797	35.55
798	35.45
799	35.55
800	35.65
801	35.65
802	35.55
803	35.65
804	35.75
805	35.65
806	35.55
807	35.65
808	35.55
809	35.65
810	35.75
811	35.75
812	35.75
813	35.65
814	35.75
815	35.85
816	35.85
817	35.85
818	35.75
819	35.75
820	35.75
821	35.75
822	35.75
823	35.75
824	35.85
825	35.85
826	35.75
827	35.85
828	35.95
829	35.85
830	35.75
831	35.85
832	35.95
833	35.95
834	35.95
835	35.95
836	35.85
837	35.95
838	35.95
839	35.85
840	35.95
841	35.95
842	35.95
843	35.85
844	35.95
845	35.85
846	35.95
847	35.95
848	35.85
849	35.95
850	35.95
851	36.05
852	35.95
853	35.95
854	35.85
855	35.95
856	35.95
857	35.95
858	36.15
859	35.95
860	35.85
861	35.95
862	36.05
863	36.05
864	35.95
865	35.85
866	35.95
867	35.95
868	35.95
869	36.05
870	35.95
871	35.95
872	35.95
873	35.95
874	36.15
875	36.05
876	36.05
877	35.95
878	36.05
879	36.05
880	36.15
881	36.05
882	35.95
883	36.15
884	36.05
885	36.05
886	35.95
887	36.05
888	36.05
889	36.05
890	36.05
891	36.05
892	36.15
893	36.05
894	36.05
895	36.15
896	36.15
897	36.15
898	36.15
899	36.15
900	36.05
901	36.15
902	36.15
903	36.15
904	36.25
905	36.25
906	36.15
907	36.25
908	36.25
909	36.25
910	36.15
911	36.15
912	36.15
913	36.25
914	36.15
915	36.15
916	36.25
917	36.15
918	36.35
919	36.25
920	36.25
921	36.25
922	36.25
923	36.35
924	36.35
925	36.35
926	36.25
927	36.15
928	36.25
929	36.35
930	36.25
931	36.25
932	36.35
933	36.35
934	36.35
935	36.55
936	36.45
937	36.35
938	36.35
939	36.45
940	36.25
941	36.25
942	36.25
943	36.25
944	36.45
945	36.35
946	36.25
947	36.35
948	36.45
949	36.35
950	36.35
951	36.35
952	36.35
953	36.35
954	36.25
955	36.35
956	36.35
957	36.35
958	36.45
959	36.35
960	36.55
961	36.25
962	36.35
963	36.65
964	36.45
965	36.45
966	36.45
967	36.35
968	36.45
969	36.45
970	36.35
971	36.45
972	36.45
973	36.65
974	36.45
975	36.55
976	36.35
977	36.45
978	36.45
979	36.55
980	36.45
981	36.45
982	36.45
983	36.45
984	36.45
985	36.45
986	36.45
987	36.55
988	36.45
989	36.45
990	36.45
991	36.45
992	36.45
993	36.55
994	36.45
995	36.45
996	36.55
997	36.45
998	36.55
999	36.45
1000	36.45
1001	36.55
1002	36.55
1003	36.45
1004	36.55
1005	36.65
1006	36.55
1007	36.65
1008	36.65
1009	36.65
1010	36.55
1011	36.75
1012	36.75
1013	36.65
1014	36.65
1015	36.75
1016	36.55
1017	36.65
1018	36.65
1019	36.55
1020	36.55
1021	36.55
1022	36.75
1023	36.65
1024	36.65
1025	36.55
1026	36.75
1027	36.65
1028	36.65
1029	36.65
1030	36.75
1031	36.75
1032	36.75
1033	36.75
1034	36.65
1035	36.65
1036	36.65
1037	36.75
1038	36.75
1039	36.65
1040	36.75
1041	36.65
1042	36.75
1043	36.65
1044	36.65
1045	36.75
1046	36.75
1047	36.75
1048	36.75
1049	36.75
1050	36.75
1051	36.85
1052	36.75
1053	36.85
1054	36.85
1055	36.75
1056	36.75
1057	36.85
1058	36.85
1059	36.75
1060	36.75
1061	36.75
1062	36.85
1063	36.85
1064	36.85
1065	36.75
1066	36.75
1067	36.85
1068	36.85
1069	36.75
1070	36.75
1071	36.96
1072	36.85
1073	36.85
1074	36.85
1075	36.75
1076	36.85
1077	36.85
1078	36.96
1079	36.85
1080	36.75
1081	36.85
1082	36.85
1083	36.75
1084	36.85
1085	36.96
1086	36.75
1087	36.96
1088	36.85
1089	36.96
1090	36.85
1091	36.96
1092	36.85
1093	36.85
1094	36.96
1095	36.96
1096	36.96
1097	36.85
1098	37.16
1099	36.85
1100	36.96
1101	36.96
1102	37.06
1103	37.16
1104	36.96
1105	36.96
1106	36.96
1107	36.96
1108	36.96
1109	36.96
1110	37.06
1111	37.06
1112	36.96
1113	36.96
1114	36.96
1115	36.96
1116	36.96
1117	36.96
1118	36.96
1119	36.96
1120	36.96
1121	36.96
1122	37.06
1123	36.96
1124	36.96
1125	36.96
1126	37.06
1127	37.06
1128	36.96
1129	37.06
1130	36.96
1131	37.06
1132	37.06
1133	36.96
1134	37.16
1135	37.06
1136	36.96
1137	37.06
1138	36.96
1139	36.96
1140	37.06
1141	37.06
1142	37.06
1143	37.16
1144	36.96
1145	37.16
1146	37.06
1147	37.06
1148	37.16
1149	37.06
1150	37.06
1151	37.06
1152	37.06
1153	37.06
1154	37.06
1155	37.06
1156	37.06
1157	37.06
1158	37.06
1159	37.06
1160	37.26
1161	37.16
1162	37.16
1163	37.16
1164	37.06
1165	37.06
1166	37.06
1167	37.06
1168	37.16
1169	37.16
1170	37.16
1171	37.06
1172	37.06
1173	37.26
1174	37.16
1175	37.06
1176	37.26
1177	37.16
1178	37.26
1179	37.26
1180	37.16
1181	37.26
1182	37.16
1183	37.26
1184	37.26
1185	37.16
1186	37.36
1187	37.26
1188	37.16
1189	37.26
1190	37.16
1191	37.16
1192	37.16
1193	37.16
1194	37.26
1195	37.26
1196	37.26
1197	37.26
1198	37.16
1199	37.16
1200	37.06
1201	37.06
1202	37.26
1203	37.26
1204	37.06
1205	37.16
1206	37.16
1207	37.16
1208	37.16
1209	37.16
1210	37.26
1211	37.06
1212	37.26
1213	37.16
1214	37.06
1215	37.06
1216	37.16
1217	37.16
1218	37.26
1219	37.16
1220	37.16
1221	37.16
1222	37.36
1223	37.26
1224	37.16
1225	37.16
1226	37.26
1227	37.36
1228	37.26
1229	37.16
1230	37.16
1231	37.26
1232	37.36
1233	37.26
1234	37.26
1235	37.36
1236	37.26
1237	37.26
1238	37.16
1239	37.26
1240	37.26
1241	37.16
1242	37.26
1243	37.26
1244	37.26
1245	37.36
1246	37.26
1247	37.26
1248	37.26
1249	37.26
1250	37.26
1251	37.16
1252	37.36
1253	37.36
1254	37.16
1255	37.36
1256	37.26
1257	37.26
1258	37.26
1259	37.26
1260	37.26
1261	37.36
1262	37.26
1263	37.47
1264	37.26
1265	37.36
1266	37.36
1267	37.36
1268	37.26
1269	37.26
1270	37.26
1271	37.16
1272	37.26
1273	37.26
1274	37.36
1275	37.47
1276	37.26
1277	37.26
1278	37.36
1279	37.36
1280	37.36
1281	37.36
1282	37.26
1283	37.36
1284	37.36
1285	37.36
1286	37.36
1287	37.36
1288	37.26
1289	37.36
1290	37.26
1291	37.36
1292	37.36
1293	37.36
1294	37.36
1295	37.36
1296	37.26
1297	37.36
1298	37.36
1299	37.36
1300	37.36
1301	37.36
1302	37.36
1303	37.36
1304	37.47
1305	37.47
1306	37.36
1307	37.36
1308	37.47
1309	37.47
1310	37.36
1311	37.47
1312	37.36
1313	37.47
1314	37.47
1315	37.47
1316	37.36
1317	37.47
1318	37.36
1319	37.57
1320	37.47
1321	37.67
1322	37.57
1323	37.57
1324	37.47
1325	37.67
1326	37.57
1327	37.57
1328	37.47
1329	37.47
1330	37.47
1331	37.47
1332	37.36
1333	37.47
1334	37.36
1335	37.36
1336	37.26
1337	37.47
1338	37.47
1339	37.36
1340	37.47
1341	37.36
1342	37.47
1343	37.36
1344	37.47
1345	37.36
1346	37.47
1347	37.47
1348	37.36
1349	37.36
1350	37.47
1351	37.36
1352	37.47
1353	37.36
1354	37.36
1355	37.47
1356	37.36
1357	37.36
1358	37.47
1359	37.47
1360	37.47
1361	37.36
1362	37.47
1363	37.47
1364	37.47
1365	37.57
1366	37.47
1367	37.36
1368	37.47
1369	37.47
1370	37.47
1371	37.57
1372	37.57
1373	37.57
1374	37.47
1375	37.47
1376	37.47
1377	37.47
1378	37.36
1379	37.47
1380	37.47
1381	37.57
1382	37.47
1383	37.47
1384	37.57
1385	37.47
1386	37.47
1387	37.47
1388	37.57
1389	37.57
1390	37.47
1391	37.77
1392	37.47
1393	37.47
1394	37.47
1395	37.57
1396	37.47
1397	37.57
1398	37.57
1399	37.47
1400	37.57
1401	37.67
1402	37.67
1403	37.47
1404	37.47
1405	37.47
1406	37.57
1407	37.57
1408	37.67
1409	37.47
1410	37.47
1411	37.57
1412	37.57
1413	37.57
1414	37.67
1415	37.57
1416	37.57
1417	37.57
1418	37.67
1419	37.67
1420	37.67
1421	37.67
1422	37.57
1423	37.57
1424	37.67
1425	37.57
1426	37.67
1427	37.67
1428	37.57
1429	37.67
1430	37.67
1431	37.77
1432	37.57
1433	37.57
1434	37.67
1435	37.57
1436	37.67
1437	38.08
1438	37.57
1439	37.57
1440	37.67
1441	37.57
1442	37.57
1443	37.57
1444	37.77
1445	37.57
1446	37.57
1447	37.57
1448	37.57
1449	37.67
1450	37.67
1451	37.67
1452	37.67
1453	37.67
1454	37.57
1455	37.67
1456	37.67
1457	37.67
1458	37.77
1459	37.67
1460	37.67
1461	37.67
1462	37.57
1463	37.67
1464	37.77
1465	37.67
1466	37.57
1467	37.67
1468	37.77
1469	37.67
1470	37.67
1471	37.67
1472	37.67
1473	37.77
1474	37.67
1475	37.88
1476	37.67
1477	37.67
1478	37.67
1479	37.67
1480	37.67
1481	37.77
1482	37.67
1483	37.67
1484	37.67
1485	37.67
1486	37.88
1487	37.77
1488	37.67
1489	37.98
1490	37.88
1491	37.67
1492	37.67
1493	37.77
1494	37.88
1495	37.88
1496	37.77
1497	37.88
1498	37.77
1499	37.77
1500	37.77
1501	37.67
1502	37.67
1503	37.77
1504	37.88
1505	37.67
1506	37.77
1507	37.77
1508	37.67
1509	37.77
1510	37.88
1511	37.77
1512	37.77
1513	37.88
1514	37.77
1515	37.77
1516	37.88
1517	37.77
1518	37.88
1519	37.77
1520	37.77
1521	37.77
1522	37.98
1523	37.98
1524	37.88
1525	37.88
1526	37.98
1527	37.98
1528	37.77
1529	37.88
1530	37.88
1531	37.88
1532	37.98
1533	37.77
1534	37.88
1535	37.77
1536	37.77
1537	37.88
1538	37.77
1539	37.88
1540	37.77
1541	37.88
1542	37.77
1543	37.77
1544	37.77
1545	37.77
1546	37.98
1547	37.77
1548	37.77
1549	37.77
1550	37.98
1551	37.77
1552	37.77
1553	37.77
1554	37.77
1555	37.77
1556	37.77
1557	37.77
1558	37.88
1559	37.88
1560	37.77
1561	37.77
1562	37.77
1563	37.77
1564	37.98
1565	37.88
1566	37.88
1567	37.88
1568	37.77
1569	37.88
1570	37.77
1571	37.88
1572	37.98
1573	37.98
1574	37.88
1575	37.88
1576	37.98
1577	37.88
1578	38.29
1579	37.88
1580	37.98
1581	37.88
1582	37.98
1583	37.88
1584	37.88
1585	37.88
1586	37.98
1587	37.88
1588	37.98
1589	37.77
1590	37.88
1591	37.88
1592	37.88
1593	37.88
1594	37.98
1595	37.88
1596	37.98
1597	37.98
1598	37.98
1599	38.08
1600	37.88
1601	37.88
1602	37.88
1603	38.08
1604	37.88
1605	37.88
1606	37.98
1607	37.88
1608	37.88
1609	37.98
1610	37.88
1611	37.88
1612	37.98
1613	38.08
1614	37.88
1615	37.98
1616	38.08
1617	37.98
1618	37.98
1619	37.98
1620	37.98
1621	37.88
1622	37.88
1623	37.88
1624	37.98
1625	37.98
1626	37.98
1627	37.98
1628	37.98
1629	37.98
1630	37.88
1631	37.98
1632	37.88
1633	38.08
1634	37.98
1635	37.98
1636	38.08
1637	37.98
1638	37.88
1639	37.88
1640	37.88
1641	37.98
1642	37.88
1643	37.88
1644	37.88
1645	37.88
1646	37.98
1647	38.08
1648	37.88
1649	37.98
1650	37.88
1651	37.98
1652	37.98
1653	37.88
1654	37.98
1655	37.88
1656	37.98
1657	37.98
1658	37.98
1659	37.98
1660	37.88
1661	37.98
1662	38.19
1663	38.08
1664	37.98
1665	37.98
1666	38.08
1667	38.08
1668	38.08
1669	38.40
1670	38.08
1671	38.08
1672	38.08
1673	38.08
1674	38.08
1675	38.08
1676	38.08
1677	38.08
1678	37.98
1679	38.50
1680	38.08
1681	38.08
1682	38.08
1683	37.98
1684	38.08
1685	38.08
1686	38.08
1687	38.19
1688	38.19
1689	38.08
1690	38.08
1691	38.08
1692	37.98
1693	37.98
1694	37.98
1695	38.19
1696	38.08
1697	38.08
1698	38.19
1699	38.29
1700	38.08
1701	38.08
1702	38.19
1703	38.19
1704	38.19
1705	37.98
1706	37.98
1707	38.08
1708	37.98
1709	38.08
1710	38.19
1711	38.08
1712	38.08
1713	38.08
1714	38.19
1715	38.19
1716	38.08
1717	38.19
1718	38.08
1719	38.08
1720	38.19
1721	38.08
1722	38.19
1723	38.19
1724	38.08
1725	38.19
1726	38.19
1727	38.19
1728	38.08
1729	38.19
1730	38.19
1731	38.19
1732	38.08
1733	38.08
1734	38.50
1735	38.29
1736	38.19
1737	38.19
1738	38.19
1739	38.19
1740	38.19
1741	38.08
1742	38.19
1743	38.08
1744	38.08
1745	38.08
1746	37.88
1747	37.88
1748	37.88
1749	37.98
1750	37.98
1751	37.98
1752	37.98
1753	38.08
1754	37.98
1755	37.98
1756	38.08
1757	37.98
1758	38.08
1759	37.98
1760	38.08
1761	38.08
1762	38.08
1763	38.08
1764	38.19
1765	37.98
1766	38.08
1767	38.19
1768	38.08
1769	37.98
1770	38.08
1771	38.19
1772	38.19
1773	38.19
1774	38.08
1775	38.08
1776	38.08
1777	38.08
1778	38.08
1779	38.19
1780	38.19
1781	38.08
1782	38.08
1783	38.08
1784	38.08
1785	38.19
1786	38.19
1787	38.19
1788	38.19
1789	37.98
1790	38.08
1791	38.08
1792	38.19
1793	38.29
1794	38.19
1795	38.08
1796	38.19
1797	38.19
1798	38.08
1799	38.08
1800	38.08
1801	38.19
1802	38.29
1803	38.08
1804	38.19
1805	38.19
1806	38.29
1807	38.29
1808	38.19
1809	38.29
1810	38.19
1811	38.19
1812	38.19
1813	38.19
1814	38.29
1815	38.19
1816	38.40
1817	38.29
1818	38.29
1819	38.29
1820	38.19
1821	38.29
1822	38.29
1823	38.19
1824	38.29
1825	38.19
1826	38.19
1827	38.29
1828	38.19
1829	38.19
1830	38.19
1831	38.29
1832	38.29
1833	38.19
1834	38.40
1835	38.29
1836	38.29
1837	38.40
1838	38.40
1839	38.29
1840	38.40
1841	38.40
1842	38.29
1843	38.29
1844	38.29
1845	38.29
1846	38.29
1847	38.19
1848	38.29
1849	38.40
1850	38.29
1851	38.40
1852	38.29
1853	38.29
1854	38.29
1855	38.19
1856	38.19
1857	38.29
1858	38.19
1859	38.19
1860	38.29
1861	38.19
1862	38.29
1863	38.19
1864	38.19
1865	38.19
1866	38.29
1867	38.19
1868	38.29
1869	38.19
1870	38.19
1871	38.29
1872	38.29
1873	38.19
1874	38.19
1875	38.19
1876	38.19
1877	38.19
1878	38.19
1879	38.19
1880	38.29
1881	38.19
1882	38.19
1883	38.19
1884	38.19
1885	38.50
1886	38.29
1887	38.19
1888	38.19
1889	38.29
1890	38.19
1891	38.29
1892	38.19
1893	38.29
1894	38.19
1895	38.19
1896	38.29
1897	38.29
1898	38.29
1899	38.29
1900	38.19
1901	38.19
1902	38.29
1903	38.29
1904	38.29
1905	38.40
1906	38.29
1907	38.40
1908	38.29
1909	38.29
1910	38.19
1911	38.29
1912	38.19
1913	38.40
1914	38.40
1915	38.29
1916	38.29
1917	38.29
1918	38.29
1919	38.29
1920	38.29
1921	38.29
1922	38.29
1923	38.19
1924	38.40
1925	38.40
1926	38.29
1927	38.29
1928	38.19
1929	38.29
1930	38.40
1931	38.29
1932	38.19
1933	38.29
1934	38.40
1935	38.29
1936	38.29
1937	38.29
1938	38.29
1939	38.40
1940	38.29
1941	38.29
1942	38.29
1943	38.40
1944	38.29
1945	38.60
1946	38.29
1947	38.29
1948	38.40
1949	38.40
1950	38.29
1951	38.40
1952	38.29
1953	38.29
1954	38.29
1955	38.29
1956	38.19
1957	38.29
1958	38.40
1959	38.40
1960	38.19
1961	38.19
1962	38.29
1963	38.19
1964	38.19
1965	38.29
1966	38.40
1967	38.40
1968	38.50
1969	38.40
1970	38.29
1971	38.40
1972	38.40
1973	38.29
1974	38.40
1975	38.40
1976	38.50
1977	38.40
1978	38.29
1979	38.40
1980	38.40
1981	38.40
1982	38.40
1983	38.29
1984	38.40
1985	38.29
1986	38.29
1987	38.50
1988	38.50
1989	38.29
1990	38.29
1991	38.29
1992	38.29
1993	38.29
1994	38.40
1995	38.29
1996	38.29
1997	38.50
1998	38.40
1999	38.40
2000	38.40
2001	38.29
2002	38.40
2003	38.29
2004	38.29
2005	38.29
2006	38.40
2007	38.50
2008	38.40
2009	38.40
2010	38.40
2011	38.29
2012	38.29
2013	38.40
2014	38.40
2015	38.40
2016	38.40
2017	38.40
2018	38.40
2019	38.40
2020	38.40
2021	38.40
2022	38.40
2023	38.50
2024	38.50
2025	38.40
2026	38.29
2027	38.40
2028	38.40
2029	38.40
2030	38.40
2031	38.40
2032	38.29
2033	38.29
2034	38.29
2035	38.50
2036	38.40
2037	38.40
2038	38.29
2039	38.50
2040	38.29
2041	38.40
2042	38.40
2043	38.29
2044	38.29
2045	38.60
2046	38.40
2047	38.40
2048	38.40
2049	38.50
2050	38.29
2051	38.29
2052	38.29
2053	38.40
2054	38.50
2055	38.40
2056	38.29
2057	38.40
2058	38.40
2059	38.40
2060	38.29
2061	38.40
2062	38.50
2063	38.50
2064	38.40
2065	38.40
2066	38.50
2067	38.40
2068	38.29
2069	38.50
2070	38.40
2071	38.40
2072	38.40
2073	38.50
2074	38.50
2075	38.50
2076	38.40
2077	38.40
2078	38.40
2079	38.40
2080	38.40
2081	38.29
2082	38.50
2083	38.29
2084	38.40
2085	38.40
2086	38.40
2087	38.50
2088	38.40
2089	38.29
2090	38.40
2091	38.40
2092	38.40
2093	38.29
2094	38.29
2095	38.40
2096	38.40
2097	38.29
2098	38.40
2099	38.40
2100	38.40
2101	38.40
2102	38.29
2103	38.40
2104	38.29
2105	38.40
2106	38.40
2107	38.50
2108	38.40
2109	38.40
2110	38.40
2111	38.50
2112	38.40
2113	38.50
2114	38.29
2115	38.40
2116	38.40
2117	38.40
2118	38.50
2119	38.40
2120	38.60
2121	38.50
2122	38.50
2123	38.50
2124	38.40
2125	38.40
2126	38.40
2127	38.40
2128	38.40
2129	38.40
2130	38.40
2131	38.40
2132	38.40
2133	38.40
2134	38.29
2135	38.50
2136	38.40
2137	38.29
2138	38.50
2139	38.50
2140	38.40
2141	38.40
2142	38.29
2143	38.50
2144	38.40
2145	38.40
2146	38.50
2147	38.40
2148	38.50
2149	38.40
2150	38.50
2151	38.29
2152	38.40
2153	38.29
2154	38.40
2155	38.60
2156	38.29
2157	38.50
2158	38.40
2159	38.40
2160	38.40
2161	38.40
2162	38.50
2163	38.50
2164	38.50
2165	38.50
2166	38.60
2167	38.50
2168	38.50
2169	38.40
2170	38.40
2171	38.50
2172	38.60
2173	38.40
2174	38.60
2175	38.40
2176	38.50
2177	38.40
2178	38.40
2179	38.40
2180	38.50
2181	38.50
2182	38.40
2183	38.40
2184	38.50
2185	38.50
2186	38.71
2187	38.50
2188	38.50
2189	38.40
2190	38.40
2191	38.40
2192	38.40
2193	38.40
2194	38.40
2195	38.40
2196	38.50
2197	38.40
2198	38.50
2199	38.40
2200	38.29
2201	38.40
2202	38.40
2203	38.50
2204	38.40
2205	38.40
2206	38.50
2207	38.40
2208	38.50
2209	38.50
2210	38.40
2211	38.50
2212	38.50
2213	38.40
2214	38.40
2215	38.40
2216	38.40
2217	38.50
2218	38.50
2219	38.50
2220	38.60
2221	38.60
2222	38.50
2223	38.50
2224	38.60
2225	38.50
2226	38.40
2227	38.50
2228	38.40
2229	38.50
2230	38.40
2231	38.29
2232	38.40
2233	38.29
2234	38.29
2235	38.29
2236	38.40
2237	38.50
2238	38.29
2239	38.40
2240	38.50
2241	38.50
2242	38.40
2243	38.40
2244	38.40
2245	38.29
2246	38.40
2247	38.40
2248	38.60
2249	38.40
2250	38.60
2251	38.92
2252	38.60
2253	38.50
2254	38.81
2255	38.60
2256	38.60
2257	38.60
2258	38.60
2259	38.60
2260	38.60
2261	38.60
2262	38.50
2263	38.50
2264	38.50
2265	38.50
2266	38.60
2267	38.60
2268	38.60
2269	38.60
2270	38.50
2271	38.60
2272	38.60
2273	38.60
2274	38.60
2275	38.81
2276	38.60
2277	38.60
2278	38.50
2279	38.50
2280	38.60
2281	38.60
2282	38.71
2283	38.50
2284	38.40
2285	38.50
2286	38.50
2287	38.50
2288	38.50
2289	38.60
2290	38.50
2291	38.60
2292	38.60
2293	38.40
2294	38.50
2295	38.40
2296	38.50
2297	38.71
2298	38.50
2299	38.40
2300	38.50
2301	38.50
2302	38.60
2303	38.50
2304	38.50
2305	38.50
2306	38.50
2307	38.60
2308	38.50
2309	38.50
2310	38.60
2311	38.60
2312	38.50
2313	38.50
2314	38.60
2315	38.40
2316	38.50
2317	38.40
2318	38.40
2319	38.50
2320	38.50
2321	38.50
2322	38.40
2323	38.60
2324	38.40
2325	38.40
2326	38.50
2327	38.60
2328	38.50
2329	38.50
2330	38.50
2331	38.60
2332	38.50
2333	38.60
2334	38.50
2335	38.71
2336	38.60
2337	38.50
2338	38.50
2339	38.40
2340	38.40
2341	38.60
2342	38.60
2343	38.50
2344	38.50
2345	38.50
2346	38.60
2347	38.50
2348	38.40
2349	38.40
2350	38.50
2351	38.50
2352	38.50
2353	38.60
2354	38.71
2355	38.71
2356	38.71
2357	38.71
2358	38.60
2359	38.60
2360	38.71
2361	38.60
2362	38.60
2363	38.60
2364	38.60
2365	38.60
2366	38.71
2367	38.60
2368	38.81
2369	38.71
2370	38.71
2371	38.92
2372	38.60
2373	38.60
2374	38.60
2375	38.60
2376	38.81
2377	38.71
2378	38.71
2379	38.71
2380	38.60
2381	38.60
2382	38.71
2383	38.60
2384	38.71
2385	38.81
2386	38.60
2387	38.71
2388	38.71
2389	38.60
2390	38.71
2391	38.60
2392	38.60
2393	38.60
2394	38.71
2395	38.71
2396	38.60
2397	38.60
2398	38.60
2399	38.71
2400	38.71
2401	38.71
2402	38.71
2403	38.60
2404	38.60
2405	38.71
2406	38.60
2407	38.60
2408	38.60
2409	38.71
2410	38.60
2411	38.71
2412	38.71
2413	38.60
2414	38.60
2415	38.60
2416	38.60
2417	38.50
2418	38.71
2419	38.50
2420	38.60
2421	38.60
2422	38.60
2423	38.50
2424	38.71
2425	38.71
2426	38.60
2427	38.50
2428	38.60
2429	38.50
2430	38.50
2431	38.60
2432	38.50
2433	38.60
2434	38.50
2435	38.40
2436	38.60
2437	38.60
2438	38.71
2439	38.71
2440	38.71
2441	38.60
2442	38.60
2443	38.71
2444	38.71
2445	38.71
2446	38.60
2447	38.60
2448	38.60
2449	38.60
2450	38.50
2451	38.71
2452	38.60
2453	38.71
2454	38.60
2455	38.60
2456	38.50
2457	38.60
2458	38.60
2459	38.60
2460	38.60
2461	38.60
2462	38.71
2463	38.71
2464	38.81
2465	38.71
2466	38.81
2467	38.60
2468	38.60
2469	38.60
2470	38.71
2471	38.71
2472	38.50
2473	38.60
2474	38.50
2475	38.60
2476	38.50
2477	38.50
2478	38.60
2479	38.60
2480	38.60
2481	38.60
2482	38.60
2483	38.60
2484	38.71
2485	38.71
2486	38.60
2487	38.81
2488	38.60
2489	38.71
2490	38.60
2491	38.60
2492	38.60
2493	38.71
2494	38.60
2495	38.71
2496	38.60
2497	38.71
2498	38.71
2499	38.60
2500	38.71
2501	38.81
2502	38.71
2503	38.71
2504	38.71
2505	38.71
2506	38.81
2507	38.81
2508	38.71
2509	38.71
2510	38.71
2511	38.71
2512	38.60
2513	38.71
2514	38.81
2515	38.81
2516	38.81
2517	38.60
2518	38.71
2519	38.60
2520	38.81
2521	38.71
2522	38.60
2523	38.60
2524	38.60
2525	38.71
2526	38.71
2527	38.71
2528	38.71
2529	38.71
2530	38.71
2531	38.60
2532	38.71
2533	38.60
2534	38.71
2535	38.60
2536	38.60
2537	38.60
2538	38.60
2539	38.60
2540	38.40
2541	38.50
2542	38.40
2543	38.60
2544	38.50
2545	38.50
2546	38.50
2547	38.50
2548	38.40
2549	38.40
2550	38.40
2551	38.50
2552	38.50
2553	38.50
2554	38.60
2555	38.71
2556	38.60
2557	38.60
2558	38.40
2559	38.40
2560	38.29
2561	38.50
2562	38.29
2563	38.29
2564	38.60
2565	38.40
2566	38.40
2567	38.60
2568	38.50
2569	38.40
2570	38.50
2571	38.40
2572	38.50
2573	38.50
2574	38.40
2575	38.40
2576	38.50
2577	38.60
2578	38.40
2579	38.40
2580	38.40
2581	38.40
2582	38.50
2583	38.50
2584	38.60
2585	38.50
2586	38.60
2587	38.60
2588	38.60
2589	38.60
2590	38.50
2591	38.50
2592	38.50
2593	38.60
2594	38.60
2595	38.60
2596	38.60
2597	38.50
2598	38.60
2599	38.60
2600	38.60
2601	38.60
2602	38.71
2603	38.60
2604	38.60
2605	38.60
2606	38.60
2607	38.60
2608	38.50
2609	38.81
2610	38.60
2611	38.81
2612	38.92
2613	38.71
2614	38.81
2615	38.60
2616	38.81
2617	38.60
2618	38.60
2619	38.60
2620	38.81
2621	38.81
2622	38.60
2623	38.71
2624	38.71
2625	38.60
2626	38.50
2627	38.71
2628	38.60
2629	38.60
2630	38.60
2631	38.60
2632	38.81
2633	38.50
2634	38.60
2635	38.60
2636	38.60
2637	38.71
2638	38.60
2639	38.71
2640	38.71
2641	38.81
2642	38.71
2643	38.71
2644	38.81
2645	38.92
2646	38.71
2647	38.71
2648	38.81
2649	38.71
2650	38.71
2651	38.71
2652	38.71
2653	38.71
2654	38.81
2655	38.71
2656	38.71
2657	38.71
2658	38.71
2659	38.71
2660	38.71
2661	38.81
2662	38.81
2663	38.71
2664	38.81
2665	38.71
2666	38.81
2667	38.71
2668	38.71
2669	38.81
2670	38.81
2671	38.71
2672	38.71
2673	39.13
2674	38.92
2675	38.81
2676	38.81
2677	38.71
2678	38.81
2679	38.81
2680	39.13
2681	38.71
2682	38.60
2683	38.71
2684	38.71
2685	38.71
2686	38.50
2687	38.71
2688	38.60
2689	38.60
2690	38.71
2691	38.71
2692	38.71
2693	38.60
2694	38.71
2695	38.71
2696	38.71
2697	38.71
2698	38.60
2699	38.71
2700	38.60
2701	38.60
2702	38.60
2703	38.71
2704	38.71
2705	38.60
2706	38.60
2707	38.71
2708	38.71
2709	38.81
2710	38.60
2711	38.60
2712	38.71
2713	38.71
2714	38.81
2715	38.71
2716	38.71
2717	38.81
2718	38.81
2719	38.81
2720	38.71
2721	38.71
2722	38.60
2723	38.81
2724	38.71
2725	38.71
2726	38.71
2727	38.71
2728	38.71
2729	38.71
2730	38.71
2731	38.60
2732	38.71
2733	38.60
2734	38.71
2735	38.81
2736	38.71
2737	38.71
2738	38.71
2739	38.71
2740	38.81
2741	38.81
2742	38.81
2743	38.81
2744	38.71
2745	38.71
2746	38.60
2747	38.60
2748	38.71
2749	38.60
2750	38.71
2751	38.60
2752	38.60
2753	38.71
2754	38.71
2755	38.60
2756	38.81
2757	38.71
2758	38.81
2759	38.81
2760	38.92
2761	38.92
2762	38.81
2763	38.71
2764	38.81
2765	38.81
2766	38.81
2767	38.81
2768	38.92
2769	38.71
2770	38.81
2771	38.71
2772	38.81
2773	38.92
2774	38.81
2775	38.81
2776	38.92
2777	38.81
2778	38.92
2779	39.02
2780	38.81
2781	38.81
2782	38.92
2783	38.81
2784	38.81
2785	38.81
2786	38.92
2787	38.81
2788	38.92
2789	38.92
2790	38.92
2791	38.92
2792	38.92
2793	38.81
2794	38.81
2795	38.81
2796	38.71
2797	38.71
2798	38.81
2799	38.81
2800	38.71
2801	38.81
2802	38.71
2803	38.92
2804	38.81
2805	38.71
2806	38.81
2807	38.81
2808	38.81
2809	38.81
2810	38.81
2811	38.71
2812	38.92
2813	38.92
2814	38.81
2815	38.81
2816	39.02
2817	38.81
2818	38.71
2819	38.81
2820	38.81
2821	38.81
2822	38.81
2823	38.81
2824	38.92
2825	38.92
2826	38.81
2827	38.81
2828	38.92
2829	38.71
2830	38.92
2831	38.71
2832	38.81
2833	38.71
2834	38.71
2835	38.71
2836	38.92
2837	38.71
2838	38.81
2839	38.71
2840	38.71
2841	38.71
2842	38.81
2843	38.81
2844	38.92
2845	38.92
2846	38.92
2847	38.81
2848	38.81
2849	38.81
2850	38.92
2851	38.81
2852	38.81
2853	38.81
2854	38.81
2855	38.81
2856	38.92
2857	38.81
2858	38.81
2859	38.81
2860	38.92
2861	38.81
2862	38.81
2863	38.71
2864	38.81
2865	39.02
2866	38.81
2867	38.81
2868	38.81
2869	38.81
2870	38.81
2871	38.81
2872	38.92
2873	38.81
2874	38.92
2875	38.92
2876	38.92
2877	38.92
2878	38.92
2879	38.92
2880	38.92
2881	38.92
2882	39.02
2883	39.02
2884	38.81
2885	38.92
2886	38.92
2887	39.02
2888	38.92
2889	38.92
2890	38.92
2891	39.02
2892	38.81
2893	38.92
2894	39.02
2895	38.81
2896	39.02
2897	38.81
2898	38.81
2899	38.92
2900	38.92
2901	38.92
2902	38.81
2903	38.81
2904	38.81
2905	38.81
2906	38.71
2907	38.92
2908	38.81
2909	38.81
2910	38.81
2911	38.81
2912	39.13
2913	38.81
2914	38.92
2915	38.92
2916	38.92
2917	38.92
2918	38.92
2919	38.81
2920	38.81
2921	38.81
2922	38.92
2923	39.02
2924	38.81
2925	38.81
2926	38.92
2927	39.02
2928	39.02
2929	38.92
2930	38.92
2931	39.24
2932	39.02
2933	39.02
2934	38.81
2935	38.92
2936	38.81
2937	38.81
2938	38.81
2939	38.92
2940	38.92
2941	38.81
2942	38.92
2943	38.92
2944	38.92
2945	38.81
2946	38.92
2947	38.92
2948	38.81
2949	38.92
2950	38.81
2951	38.92
2952	38.92
2953	38.92
2954	38.81
2955	38.92
2956	38.81
2957	38.92
2958	38.81
2959	38.92
2960	39.13
2961	39.02
2962	38.81
2963	38.81
2964	38.92
2965	38.81
2966	38.81
2967	38.81
2968	38.71
2969	38.92
2970	38.81
2971	38.71
2972	38.92
2973	38.81
2974	38.81
2975	38.81
2976	38.81
2977	38.81
2978	38.71
2979	38.81
2980	38.92
2981	38.92
2982	38.92
2983	38.92
2984	39.02
2985	38.81
2986	39.02
2987	38.81
2988	38.92
2989	38.81
2990	38.81
2991	38.81
2992	38.81
2993	38.81
2994	38.92
2995	38.81
2996	39.02
2997	38.92
2998	39.02
2999	38.92
3000	38.92
3001	38.81
3002	38.92
3003	38.81
3004	38.81
3005	38.81
3006	38.81
3007	38.81
3008	38.92
3009	38.92
3010	38.92
3011	38.92
3012	39.02
3013	38.92
3014	38.92
3015	38.92
3016	38.92
3017	38.81
3018	38.71
3019	38.81
3020	38.81
3021	38.92
3022	38.92
3023	38.81
3024	39.02
3025	38.92
3026	39.02
3027	39.24
3028	38.81
3029	38.71
3030	38.60
3031	38.60
3032	38.71
3033	38.60
3034	38.50
3035	38.71
3036	38.50
3037	38.50
3038	38.60
3039	38.60
3040	38.60
3041	38.60
3042	38.60
3043	38.60
3044	38.60
3045	38.60
3046	38.81
3047	38.81
3048	38.81
3049	38.81
3050	38.92
3051	38.81
3052	38.81
3053	38.92
3054	38.92
3055	38.81
3056	38.81
3057	38.71
3058	38.71
3059	38.81
3060	38.71
3061	38.92
3062	38.81
3063	38.81
3064	38.92
3065	38.81
3066	38.71
3067	38.60
3068	38.71
3069	38.60
3070	38.60
3071	38.60
3072	38.71
3073	38.81
3074	38.81
3075	38.92
3076	38.81
3077	38.81
3078	38.81
3079	38.81
3080	39.02
3081	38.81
3082	38.92
3083	38.81
3084	38.81
3085	38.92
3086	38.92
3087	38.92
3088	39.02
3089	38.81
3090	38.92
3091	38.92
3092	39.02
3093	39.02
3094	38.92
3095	38.81
3096	39.13
3097	38.92
3098	38.81
3099	39.13
3100	38.92
3101	38.92
3102	38.92
3103	38.81
3104	38.92
3105	38.81
3106	38.92
3107	38.92
3108	38.81
3109	39.02
3110	38.92
3111	38.92
3112	38.92
3113	38.92
3114	39.02
3115	39.02
3116	38.81
3117	38.92
3118	38.92
3119	38.92
3120	39.02
3121	38.92
3122	38.92
3123	38.81
3124	38.92
3125	38.81
3126	38.81
3127	38.92
3128	38.81
3129	38.81
3130	38.81
3131	38.92
3132	38.92
3133	38.92
3134	38.92
3135	38.92
3136	38.81
3137	38.81
3138	38.81
3139	38.92
3140	38.81
3141	38.81
3142	38.92
3143	39.02
3144	39.13
3145	38.92
3146	38.81
3147	38.92
3148	38.92
3149	39.02
3150	38.92
3151	38.92
3152	39.02
3153	38.92
3154	38.92
3155	38.92
3156	38.92
3157	38.92
3158	38.92
3159	38.92
3160	38.92
3161	38.81
3162	38.81
3163	38.92
3164	38.81
3165	38.81
3166	38.81
3167	38.81
3168	38.92
3169	38.81
3170	38.92
3171	38.92
3172	38.81
3173	38.81
3174	38.92
3175	39.02
3176	38.81
3177	38.92
3178	38.92
3179	38.92
3180	38.81
3181	39.02
3182	38.92
3183	38.92
3184	38.92
3185	39.02
3186	38.92
3187	38.92
3188	38.81
3189	38.92
3190	38.81
3191	38.81
3192	38.92
3193	38.92
3194	39.02
3195	39.02
3196	38.81
3197	38.92
3198	38.81
3199	38.81
3200	39.02
3201	38.92
3202	38.92
3203	39.02
3204	39.02
3205	39.13
3206	39.02
3207	38.92
3208	38.92
3209	38.92
3210	38.92
3211	38.92
3212	38.92
3213	38.81
3214	39.02
3215	38.81
3216	39.02
3217	38.81
3218	38.92
3219	38.81
3220	38.81
3221	38.81
3222	38.92
3223	38.92
3224	38.92
3225	38.81
3226	38.81
3227	38.81
3228	38.81
3229	38.81
3230	39.02
3231	38.81
3232	38.81
3233	38.92
3234	38.81
3235	38.81
3236	38.92
3237	38.92
3238	38.81
3239	38.92
3240	38.92
3241	38.92
3242	38.92
3243	38.92
3244	38.81
3245	38.81
3246	38.81
3247	38.81
3248	38.81
3249	38.92
3250	38.81
3251	39.02
3252	38.92
3253	38.81
3254	38.92
3255	38.92
3256	39.02
3257	38.92
3258	38.81
3259	38.81
3260	38.92
3261	38.92
3262	38.92
3263	38.92
3264	38.92
3265	38.81
3266	38.92
3267	38.81
3268	38.92
3269	39.02
3270	38.81
3271	39.02
3272	38.81
3273	38.81
3274	38.81
3275	38.92
3276	38.71
3277	38.92
3278	38.92
3279	38.92
3280	39.02
3281	38.71
3282	38.81
3283	38.81
3284	39.02
3285	38.92
3286	38.92
3287	38.81
3288	38.81
3289	38.81
3290	38.81
3291	38.81
3292	38.92
3293	38.81
3294	38.81
3295	38.92
3296	38.92
3297	38.71
3298	39.02
3299	38.92
3300	38.81
3301	38.81
3302	38.81
3303	39.02
3304	39.02
3305	38.81
3306	38.92
3307	38.81
3308	38.92
3309	38.92
3310	38.81
3311	38.81
3312	38.92
3313	38.81
3314	39.13
3315	38.81
3316	38.92
3317	38.92
3318	38.92
3319	38.81
3320	38.92
3321	38.92
3322	39.02
3323	38.92
3324	38.81
3325	38.81
3326	38.92
3327	38.81
3328	38.92
3329	38.92
3330	38.81
3331	38.92
3332	38.92
3333	38.92
3334	38.92
3335	39.13
3336	38.92
3337	39.13
3338	39.02
3339	39.24
3340	38.81
3341	38.81
3342	38.92
3343	38.92
3344	38.81
3345	39.02
3346	38.81
3347	39.02
3348	39.13
3349	39.02
3350	38.92
3351	39.02
3352	38.92
3353	38.92
3354	38.92
3355	38.81
3356	39.02
3357	38.92
3358	38.81
3359	38.92
3360	39.02
3361	38.92
3362	39.02
3363	39.02
3364	38.92
3365	38.92
3366	38.81
3367	38.92
3368	38.81
3369	38.81
3370	38.92
3371	38.81
3372	38.92
3373	38.92
3374	38.92
3375	38.81
3376	38.92
3377	38.92
3378	38.81
3379	38.92
3380	39.02
3381	38.92
3382	38.92
3383	38.92
3384	38.92
3385	38.92
3386	38.81
3387	38.92
3388	38.81
3389	38.81
3390	38.92
3391	38.92
3392	38.92
3393	38.81
3394	38.81
3395	38.81
3396	38.92
3397	38.81
3398	38.92
3399	38.81
3400	38.92
3401	38.92
3402	38.81
3403	38.81
3404	38.92
3405	38.81
3406	38.81
3407	38.81
3408	38.81
3409	38.81
3410	38.81
3411	38.92
3412	38.81
3413	38.81
3414	38.92
3415	38.81
3416	38.92
3417	38.81
3418	38.92
3419	38.81
3420	38.81
3421	38.92
3422	38.81
3423	38.92
3424	38.92
3425	38.92
3426	38.92
3427	39.02
3428	38.92
3429	38.92
3430	38.81
3431	38.81
3432	38.92
3433	38.92
3434	38.92
3435	38.92
3436	38.92
3437	39.02
3438	38.92
3439	38.81
3440	38.81
3441	38.81
3442	39.02
3443	38.92
3444	38.81
3445	38.92
3446	38.92
3447	39.02
3448	39.02
3449	38.81
3450	38.92
3451	38.81
3452	38.81
3453	38.92
3454	38.92
3455	38.92
3456	38.81
3457	38.92
3458	38.92
3459	39.02
3460	38.92
3461	38.81
3462	38.81
3463	38.92
3464	39.24
3465	38.81
3466	38.92
3467	38.81
3468	38.81
3469	38.92
3470	38.92
3471	38.81
3472	38.81
3473	38.92
3474	38.92
3475	39.02
3476	38.92
3477	38.92
3478	38.92
3479	38.81
3480	38.92
3481	38.81
3482	39.02
3483	39.02
3484	39.02
3485	38.92
3486	38.92
3487	38.92
3488	38.92
3489	38.81
3490	38.81
3491	38.81
3492	38.92
3493	38.81
3494	38.81
3495	38.92
3496	38.92
3497	38.81
3498	38.81
3499	38.92
3500	38.81
3501	38.92
3502	38.92
3503	38.92
3504	38.92
3505	38.81
3506	38.81
3507	38.81
3508	38.92
3509	38.81
3510	38.81
3511	38.92
3512	38.92
3513	38.92
3514	39.02
3515	38.92
3516	38.92
3517	38.92
3518	39.02
3519	38.92
3520	39.02
3521	38.81
3522	38.92
3523	38.81
3524	38.92
3525	38.81
3526	38.81
3527	38.92
3528	38.92
3529	38.92
3530	39.02
3531	39.02
3532	39.13
3533	38.92
3534	38.92
3535	38.81
3536	39.02
3537	38.81
3538	38.81
3539	38.81
3540	38.92
3541	38.92
3542	38.92
3543	38.81
3544	38.92
3545	38.92
3546	38.92
3547	38.81
3548	39.13
3549	38.81
3550	39.02
3551	38.92
3552	38.92
3553	38.92
3554	38.81
3555	38.92
3556	38.81
3557	38.92
3558	38.81
3559	38.92
3560	39.02
3561	38.92
3562	38.92
3563	38.81
3564	39.02
3565	38.92
3566	38.92
3567	39.24
3568	38.92
3569	38.81
3570	38.92
3571	38.81
3572	38.92
3573	38.92
3574	38.81
3575	38.81
3576	38.81
3577	38.92
3578	38.92
3579	38.81
3580	38.81
3581	38.71
3582	38.92
3583	38.71
3584	38.81
3585	38.71
3586	38.81
3587	38.81
3588	38.81
3589	38.81
3590	38.81
3591	38.92
3592	38.81
3593	38.71
3594	38.92
3595	38.81
3596	38.92
3597	38.81
3598	38.81
3599	38.92
3600	39.24
3601	38.60
3602	38.29
3603	38.60
3604	38.29
3605	38.60
3606	38.29
3607	38.60
3608	38.29
3609	38.71
3610	38.40
3611	38.08
3612	38.40
3613	38.19
3614	38.50
3615	38.19
3616	38.60
3617	38.29
3618	38.08
3619	38.40
3620	38.08
3621	38.40
3622	38.19
3623	38.50
3624	38.19
3625	37.98
3626	38.29
3627	38.08
3628	38.50
3629	38.19
3630	37.98
3631	38.29
3632	37.98
3633	38.40
3634	38.19
3635	37.88
3636	38.29
3637	37.98
3638	37.77
3639	38.08
3640	37.88
3641	38.29
3642	38.08
3643	37.77
3644	38.19
3645	37.88
3646	37.67
3647	38.08
3648	37.88
3649	37.57
3650	37.98
3651	37.67
3652	37.57
3653	37.88
3654	37.67
3655	37.47
3656	37.77
3657	37.67
3658	37.47
3659	37.88
3660	37.67
3661	37.47
3662	37.88
3663	37.67
3664	37.47
3665	37.88
3666	37.67
3667	37.47
3668	37.88
3669	37.67
3670	37.47
3671	37.88
3672	37.67
3673	37.47
3674	37.26
3675	37.67
3676	37.47
3677	37.26
3678	37.67
3679	37.57
3680	37.36
3681	37.16
3682	37.57
3683	37.36
3684	37.16
3685	37.06
3686	37.47
3687	37.26
3688	37.16
3689	37.57
3690	37.36
3691	37.26
3692	37.06
3693	37.57
3694	37.36
3695	37.16
3696	37.06
3697	37.47
3698	37.26
3699	37.16
3700	36.96
3701	37.36
3702	37.26
3703	37.06
3704	36.96
3705	36.75
3706	37.26
3707	37.06
3708	36.96
3709	36.85
3710	37.26
3711	37.16
3712	36.96
3713	36.85
3714	36.75
3715	37.16
3716	36.96
3717	36.85
3718	36.75
3719	36.55
3720	36.96
3721	36.85
3722	36.75
3723	36.65
3724	36.55
3725	36.96
3726	36.85
3727	36.75
3728	36.65
3729	36.45
3730	36.96
3731	36.85
3732	36.75
3733	36.65
3734	36.45
3735	36.35
3736	36.85
3737	36.75
3738	36.65
3739	36.55
3740	36.45
3741	36.25
3742	36.75
3743	36.65
3744	36.55
3745	36.45
3746	36.35
3747	36.25
3748	36.65
3749	36.55
3750	36.45
3751	36.35
3752	36.25
3753	36.15
3754	36.65
3755	36.55
3756	36.45
3757	36.35
3758	36.25
3759	36.15
3760	36.05
3761	36.55
3762	36.45
3763	36.35
3764	36.25
3765	36.15
3766	36.05
3767	36.05
3768	35.95
3769	36.35
3770	36.35
3771	36.25
3772	36.15
3773	36.05
3774	36.05
3775	35.95
3776	35.85
3777	35.75
3778	36.25
3779	36.15
3780	36.15
3781	36.05
3782	35.95
3783	35.95
3784	35.85
3785	35.85
3786	35.75
3787	35.65
3788	36.25
3789	36.15
3790	36.05
3791	36.05
3792	35.95
3793	35.85
3794	35.85
3795	35.75
3796	35.75
3797	35.65
3798	35.65
3799	35.55
3800	35.55
3801	36.05
3802	36.05
3803	35.95
3804	35.95
3805	35.85
3806	35.85
3807	35.75
3808	35.75
3809	35.75
3810	35.65
3811	35.65
3812	35.55
3813	35.55
3814	35.45
3815	35.45
3816	35.45
3817	35.35
3818	35.35
3819	35.35
3820	35.25
3821	35.75
3822	35.75
3823	35.75
3824	35.65
3825	35.65
3826	35.65
3827	35.55
3828	35.55
3829	35.55
3830	35.55
3831	35.45
3832	35.45
3833	35.45
3834	35.45
3835	35.45
3836	35.45
3837	35.35
3838	35.45
3839	35.35
3840	35.35
3841	35.35
3842	35.35
3843	35.35
3844	35.35
3845	35.25
3846	35.25
3847	35.25
3848	35.25
3849	35.25
3850	35.25
3851	35.25
3852	35.25
3853	35.25
3854	35.25
3855	35.25
3856	35.25
3857	35.25
3858	35.25
3859	35.25
3860	35.25
3861	35.25
3862	35.25
3863	35.25
3864	35.25
3865	35.25
3866	35.25
3867	35.25
3868	34.76
3869	34.76
3870	34.76
3871	34.76
3872	34.76
3873	34.76
3874	34.76
3875	34.85
3876	34.85
3877	34.85
3878	34.85
3879	34.95
3880	34.85
3881	34.95
3882	34.95
3883	34.95
3884	34.95
3885	34.95
3886	35.05
3887	35.05
3888	34.56
3889	34.56
3890	34.56
3891	34.56
3892	34.66
3893	34.66
3894	34.66
3895	34.66
3896	34.76
3897	34.76
3898	34.85
3899	34.85
3900	34.85
3901	34.36
3902	34.36
3903	34.46
3904	34.46
3905	34.46
3906	34.56
3907	34.56
3908	34.66
3909	34.66
3910	34.66
3911	34.76
3912	34.76
3913	34.27
3914	34.27
3915	34.36
3916	34.36
3917	34.46
3918	34.46
3919	34.56
3920	34.56
3921	34.66
3922	34.17
3923	34.27
3924	34.27
3925	34.36
3926	34.36
3927	34.46
3928	34.46
3929	34.56
3930	34.66
3931	34.17
3932	34.17
3933	34.27
3934	34.27
3935	34.36
3936	34.36
3937	34.46
3938	34.56
3939	34.07
3940	34.07
3941	34.17
3942	34.17
3943	34.27
3944	34.36
3945	34.36
3946	33.97
3947	33.97
3948	34.07
3949	34.17
3950	34.17
3951	34.27
3952	34.36
3953	33.88
3954	33.97
3955	34.07
3956	34.07
3957	34.17
3958	34.27
3959	33.78
3960	33.88
3961	33.97
3962	33.97
3963	34.07
3964	34.17
3965	33.78
3966	33.78
3967	33.88
3968	33.97
3969	34.07
3970	34.17
3971	33.68
3972	33.78
3973	33.88
3974	33.97
3975	33.97
3976	34.07
3977	33.68
3978	33.78
3979	33.88
3980	33.97
3981	34.07
3982	33.59
3983	33.68
3984	33.78
3985	33.88
3986	33.97
3987	33.49
3988	33.68
3989	33.68
3990	33.78
3991	33.88
3992	33.49
3993	33.59
3994	33.68
3995	33.78
3996	33.88
3997	33.39
3998	33.49
3999	33.59
4000	33.68
4001	33.78
4002	33.39
4003	33.49
4004	33.59
4005	33.68
4006	33.88
4007	33.39
4008	33.49
4009	33.59
4010	33.68
4011	33.30
4012	33.39
4013	33.49
4014	33.59
4015	33.68
4016	33.30
4017	33.39
4018	33.59
4019	33.68
4020	33.30
4021	33.39
4022	33.49
4023	33.59
4024	33.20
4025	33.30
4026	33.39
4027	33.59
4028	33.68
4029	33.30
4030	33.39
4031	33.49
4032	33.59
4033	33.20
4034	33.30
4035	33.39
4036	33.59
4037	33.20
4038	33.30
4039	33.39
4040	33.49
4041	33.10
4042	33.30
4043	33.39
4044	33.49
4045	33.10
4046	33.20
4047	33.39
4048	32.91
4049	33.10
4050	33.20
4051	33.30
4052	33.01
4053	33.10
4054	33.20
4055	33.39
4056	33.01
4057	33.10
4058	33.30
4059	32.91
4060	33.01
4061	33.20
4062	33.30
4063	32.91
4064	33.10
4065	33.20
4066	33.39
4067	32.91
4068	33.10
4069	33.20
4070	32.91
4071	33.01
4072	33.10
4073	32.81
4074	32.91
4075	33.10
4076	32.72
4077	32.91
4078	33.01
4079	33.20
4080	32.81
4081	33.01
4082	33.20
4083	32.81
4084	32.91
4085	33.10
4086	32.72
4087	32.91
4088	33.10
4089	32.72
4090	32.91
4091	33.01
4092	32.72
4093	32.81
4094	33.01
4095	32.62
4096	32.81
4097	32.91
4098	32.62
4099	32.72
4100	32.91
4101	33.01
4102	32.72
4103	32.91
4104	33.01
4105	32.62
4106	32.81
4107	33.01
4108	32.62
4109	32.81
4110	32.91
4111	32.53
4112	32.72
4113	32.91
4114	32.53
4115	32.72
4116	32.91
4117	32.53
4118	32.72
4119	32.91
4120	32.53
4121	32.72
4122	32.34
4123	32.53
4124	32.72
4125	32.34
4126	32.53
4127	32.72
4128	32.43
4129	32.53
4130	32.72
4131	32.43
4132	32.62
4133	32.81
4134	32.43
4135	32.62
4136	32.34
4137	32.43
4138	32.62
4139	32.34
4140	32.53
4141	32.62
4142	32.34
4143	32.53
4144	32.15
4145	32.34
4146	32.53
4147	32.24
4148	32.43
4149	32.62
4150	32.24
4151	32.43
4152	32.62
4153	32.34
4154	32.53
4155	32.15
4156	32.34
4157	32.53
4158	32.24
4159	32.43
4160	32.15
4161	32.34
4162	32.53
4163	32.15
4164	32.34
4165	32.53
4166	32.24
4167	32.43
4168	32.15
4169	32.34
4170	32.53
4171	32.24
4172	32.43
4173	32.15
4174	32.24
4175	32.43
4176	32.15
4177	32.34
4178	32.05
4179	32.24
4180	32.43
4181	32.15
4182	32.34
4183	32.05
4184	32.24
4185	31.96
4186	32.15
4187	32.34
4188	32.05
4189	32.24
4190	31.96
4191	32.15
4192	32.34
4193	32.05
4194	32.24
4195	31.96
4196	32.15
4197	31.86
4198	32.05
4199	32.24
4200	31.96
4201	32.15
4202	31.86
4203	32.05
4204	31.77
4205	32.05
4206	32.24
4207	31.96
4208	32.15
4209	31.86
4210	32.05
4211	31.77
4212	31.96
4213	32.24
4214	31.86
4215	32.15
4216	31.86
4217	32.05
4218	31.77
4219	31.96
4220	31.77
4221	31.96
4222	32.15
4223	31.86
4224	32.05
4225	31.77
4226	32.05
4227	31.77
4228	31.96
4229	31.67
4230	31.86
4231	31.58
4232	31.86
4233	32.05
4234	31.77
4235	32.05
4236	31.77
4237	31.96
4238	31.67
4239	31.86
4240	31.58
4241	31.86
4242	31.58
4243	31.77
4244	31.48
4245	31.77
4246	31.96
4247	31.67
4248	31.96
4249	31.67
4250	31.86
4251	31.58
4252	31.86
4253	31.58
4254	31.77
4255	31.48
4256	31.77
4257	31.48
4258	31.67
4259	31.39
4260	31.67
4261	31.86
4262	31.58
4263	31.86
4264	31.58
4265	31.86
4266	31.58
4267	31.77
4268	31.58
4269	31.77
4270	31.48
4271	31.67
4272	31.48
4273	31.67
4274	31.39
4275	31.67
4276	31.39
4277	31.58
4278	31.39
4279	31.58
4280	31.30
4281	31.58
4282	31.30
4283	31.58
4284	31.30
4285	31.58
4286	31.30
4287	31.48
4288	31.30
4289	31.48
4290	31.30
4291	31.48
4292	31.20
4293	31.48
4294	31.20
4295	31.48
4296	31.20
4297	31.48
4298	31.20
4299	31.48
4300	31.20
4301	31.48
4302	31.20
4303	31.48
4304	31.20
4305	31.48
4306	31.20
4307	31.48
4308	31.20
4309	31.48
4310	31.20
4311	31.48
4312	31.20
4313	31.48
4314	31.20
4315	31.48
4316	31.20
4317	31.48
4318	31.30
4319	31.48
4320	31.30
4321	31.48
4322	31.30
4323	31.48
4324	31.30
4325	31.01
4326	31.30
4327	31.01
4328	31.30
4329	31.01
4330	31.30
4331	31.11
4332	31.30
4333	31.11
4334	31.39
4335	31.11
4336	31.39
4337	31.11
4338	31.39
4339	31.11
4340	30.92
4341	31.20
4342	30.92
4343	31.20
4344	31.01
4345	31.20
4346	31.01
4347	31.30
4348	31.01
4349	31.30
4350	31.11
4351	31.30
4352	31.11
4353	30.83
4354	31.11
4355	30.92
4356	31.20
4357	30.92
4358	31.20
4359	31.01
4360	31.20
4361	31.01
4362	31.30
4363	31.11
4364	30.83
4365	31.11
4366	30.92
4367	31.11
4368	30.92
4369	31.20
4370	31.01
4371	30.73
4372	31.01
4373	30.83
4374	31.11
4375	30.83
4376	31.11
4377	30.92
4378	31.20
4379	30.92
4380	30.73
4381	31.01
4382	30.83
4383	31.11
4384	30.83
4385	31.11
4386	30.92
4387	30.73
4388	31.01
4389	30.73
4390	31.01
4391	30.83
4392	31.11
4393	30.92
4394	30.64
4395	30.92
4396	30.73
4397	31.01
4398	30.83
4399	30.64
4400	30.92
4401	30.73
4402	30.92
4403	30.73
4404	31.01
4405	30.83
4406	30.64
4407	30.92
4408	30.73
4409	30.92
4410	30.73
4411	30.55
4412	30.83
4413	30.64
4414	30.92
4415	30.73
4416	31.01
4417	30.83
4418	30.64
4419	30.83
4420	30.64
4421	30.92
4422	30.73
4423	30.55
4424	30.83
4425	30.64
4426	30.92
4427	30.73
4428	30.55
4429	30.73
4430	30.55
4431	30.83
4432	30.64
4433	30.45
4434	30.73
4435	30.55
4436	30.83
4437	30.64
4438	30.45
4439	30.73
4440	30.55
4441	30.83
4442	30.64
4443	30.45
4444	30.73
4445	30.55
4446	30.83
4447	30.64
4448	30.45
4449	30.73
4450	30.55
4451	30.36
4452	30.64
4453	30.45
4454	30.73
4455	30.55
4456	30.45
4457	30.64
4458	30.55
4459	30.83
4460	30.64
4461	30.45
4462	30.73
4463	30.55
4464	30.36
4465	30.64
4466	30.45
4467	30.73
4468	30.55
4469	30.36
4470	30.64
4471	30.45
4472	30.27
4473	30.55
4474	30.36
4475	30.73
4476	30.55
4477	30.36
4478	30.64
4479	30.45
4480	30.27
4481	30.55
4482	30.36
4483	30.64
4484	30.45
4485	30.27
4486	30.64
4487	30.36
4488	30.27
4489	30.55
4490	30.36
4491	30.17
4492	30.45
4493	30.27
4494	30.64
4495	30.45
4496	30.27
4497	30.55
4498	30.36
4499	30.17
4500	30.55
4501	30.36
4502	30.17
4503	30.45
4504	30.27
4505	30.08
4506	30.45
4507	30.27
4508	30.55
4509	30.36
4510	30.17
4511	30.55
4512	30.36
4513	30.17
4514	30.45
4515	30.36
4516	30.17
4517	30.45
4518	30.27
4519	30.08
4520	30.45
4521	30.27
4522	30.08
4523	30.36
4524	30.27
4525	30.08
4526	30.36
4527	30.17
4528	29.99
4529	30.36
4530	30.17
4531	29.99
4532	30.27
4533	30.08
4534	29.99
4535	30.27
4536	30.08
4537	29.99
4538	30.27
4539	30.08
4540	29.99
4541	30.27
4542	30.08
4543	29.90
4544	30.27
4545	30.08
4546	29.90
4547	30.17
4548	30.08
4549	29.90
4550	30.27
4551	30.08
4552	29.90
4553	30.27
4554	30.08
4555	29.99
4556	30.27
4557	30.17
4558	29.99
4559	30.27
4560	30.17
4561	29.99
4562	29.90
4563	30.17
4564	30.08
4565	29.90
4566	30.27
4567	30.08
4568	29.90
4569	30.27
4570	30.08
4571	29.90
4572	30.27
4573	30.08
4574	29.99
4575	29.80
4576	30.08
4577	29.99
4578	29.80
4579	30.17
4580	29.99
4581	29.80
4582	30.17
4583	29.99
4584	29.90
4585	30.17
4586	30.08
4587	29.90
4588	29.80
4589	30.08
4590	29.90
4591	29.80
4592	30.08
4593	29.99
4594	29.80
4595	30.17
4596	29.99
4597	29.90
4598	29.71
4599	29.99
4600	29.90
4601	29.71
4602	30.08
4603	29.90
4604	29.80
4605	30.08
4606	29.99
4607	29.80
4608	29.71
4609	29.99
4610	29.90
4611	29.71
4612	30.08
4613	29.90
4614	29.80
4615	29.62
4616	29.99
4617	29.80
4618	29.71
4619	30.08
4620	29.90
4621	29.80
4622	29.62
4623	29.99
4624	29.80
4625	29.71
4626	29.99
4627	29.90
4628	29.71
4629	29.62
4630	29.99
4631	29.80
4632	29.71
4633	29.53
4634	29.90
4635	29.80
4636	29.62
4637	29.99
4638	29.80
4639	29.71
4640	29.53
4641	29.90
4642	29.80
4643	29.62
4644	29.53
4645	29.90
4646	29.71
4647	29.62
4648	29.90
4649	29.80
4650	29.71
4651	29.53
4652	29.90
4653	29.80
4654	29.62
4655	29.53
4656	29.80
4657	29.71
4658	29.62
4659	29.43
4660	29.80
4661	29.62
4662	29.53
4663	29.90
4664	29.80
4665	29.62
4666	29.53
4667	29.80
4668	29.71
4669	29.62
4670	29.43
4671	29.80
4672	29.71
4673	29.53
4674	29.43
4675	29.80
4676	29.62
4677	29.53
4678	29.43
4679	29.71
4680	29.62
4681	29.53
4682	29.34
4683	29.71
4684	29.62
4685	29.53
4686	29.34
4687	29.71
4688	29.62
4689	29.43
4690	29.34
4691	29.71
4692	29.62
4693	29.43
4694	29.34
4695	29.71
4696	29.53
4697	29.43
4698	29.34
4699	29.71
4700	29.62
4701	29.43
4702	29.34
4703	29.71
4704	29.62
4705	29.43
4706	29.34
4707	29.71
4708	29.62
4709	29.43
4710	29.34
4711	29.71
4712	29.62
4713	29.43
4714	29.34
4715	29.25
4716	29.62
4717	29.53
4718	29.34
4719	29.25
4720	29.62
4721	29.53
4722	29.43
4723	29.25
4724	29.62
4725	29.53
4726	29.43
4727	29.34
4728	29.16
4729	29.53
4730	29.43
4731	29.34
4732	29.25
4733	29.53
4734	29.43
4735	29.34
4736	29.25
4737	29.62
4738	29.53
4739	29.34
4740	29.25
4741	29.16
4742	29.53
4743	29.43
4744	29.34
4745	29.25
4746	29.62
4747	29.43
4748	29.34
4749	29.25
4750	29.16
4751	29.53
4752	29.34
4753	29.34
4754	29.16
4755	29.07
4756	29.43
4757	29.34
4758	29.25
4759	29.16
4760	29.43
4761	29.34
4762	29.25
4763	29.16
4764	29.07
4765	29.43
4766	29.34
4767	29.25
4768	29.16
4769	28.97
4770	29.34
4771	29.25
4772	29.16
4773	29.07
4774	29.43
4775	29.34
4776	29.25
4777	29.16
4778	29.07
4779	29.43
4780	29.34
4781	29.25
4782	29.16
4783	29.07
4784	29.34
4785	29.25
4786	29.16
4787	29.07
4788	28.97
4789	29.34
4790	29.25
4791	29.16
4792	29.07
4793	28.97
4794	29.34
4795	29.25
4796	29.16
4797	29.07
4798	28.97
4799	29.34
4800	29.25
4801	29.16
4802	29.07
4803	28.97
4804	29.34
4805	29.25
4806	29.16
4807	29.07
4808	28.97
4809	29.34
4810	29.25
4811	29.07
4812	28.97
4813	28.88
4814	29.25
4815	29.16
4816	29.16
4817	28.97
4818	28.88
4819	29.25
4820	29.16
4821	29.07
4822	28.97
4823	28.88
4824	29.25
4825	29.16
4826	29.07
4827	28.97
4828	28.88
4829	29.25
4830	29.16
4831	29.07
4832	28.97
4833	28.88
4834	28.79
4835	29.25
4836	29.07
4837	29.07
4838	28.97
4839	28.88
4840	29.25
4841	29.16
4842	29.07
4843	28.97
4844	28.88
4845	29.25
4846	29.16
4847	29.07
4848	28.97
4849	28.88
4850	28.79
4851	29.16
4852	29.07
4853	28.97
4854	28.97
4855	28.79
4856	29.25
4857	29.16
4858	29.07
4859	28.97
4860	28.88
4861	28.79
4862	29.16
4863	29.07
4864	28.97
4865	28.97
4866	28.88
4867	28.70
4868	29.16
4869	29.07
4870	28.97
4871	28.88
4872	28.79
4873	28.70
4874	29.07
4875	28.97
4876	28.97
4877	28.88
4878	28.79
4879	29.16
4880	29.07
4881	28.97
4882	28.88
4883	28.79
4884	28.79
4885	29.16
4886	29.07
4887	28.97
4888	28.88
4889	28.79
4890	28.70
4891	29.07
4892	28.97
4893	28.88
4894	28.88
4895	28.79
4896	28.70
4897	29.07
4898	28.97
4899	28.88
4900	28.88
4901	28.79
4902	28.70
4903	28.61
4904	28.97
4905	28.97
4906	28.88
4907	28.79
4908	28.70
4909	28.61
4910	28.97
4911	28.88
4912	28.88
4913	28.79
4914	28.70
4915	28.61
4916	29.07
4917	28.97
4918	28.88
4919	28.79
4920	28.79
4921	28.70
4922	28.61
4923	28.97
4924	28.88
4925	28.79
4926	28.79
4927	28.70
4928	28.61
4929	28.97
4930	28.88
4931	28.88
4932	28.79
4933	28.70
4934	28.61
4935	28.61
4936	28.97
4937	28.88
4938	28.79
4939	28.79
4940	28.70
4941	28.61
4942	28.52
4943	28.97
4944	28.88
4945	28.79
4946	28.70
4947	28.61
4948	28.61
4949	28.52
4950	28.88
4951	28.79
4952	28.79
4953	28.70
4954	28.61
4955	28.52
4956	28.52
4957	28.88
4958	28.79
4959	28.70
4960	28.70
4961	28.61
4962	28.52
4963	28.42
4964	28.88
4965	28.79
4966	28.70
4967	28.61
4968	28.61
4969	28.52
4970	28.42
4971	28.88
4972	28.79
4973	28.70
4974	28.70
4975	28.61
4976	28.52
4977	28.42
4978	28.88
4979	28.79
4980	28.70
4981	28.70
4982	28.61
4983	28.52
4984	28.52
4985	28.42
4986	28.79
4987	28.79
4988	28.70
4989	28.61
4990	28.52
4991	28.52
4992	28.42
4993	28.33
4994	28.79
4995	28.70
4996	28.61
4997	28.61
4998	28.52
4999	28.42
5000	28.42
5001	28.79
5002	28.70
5003	28.70
5004	28.61
5005	28.61
5006	28.52
5007	28.42
5008	28.42
5009	28.33
5010	28.70
5011	28.70
5012	28.61
5013	28.52
5014	28.52
5015	28.42
5016	28.42
5017	28.33
5018	28.70
5019	28.70
5020	28.61
5021	28.52
5022	28.52
5023	28.42
5024	28.42
5025	28.33
5026	28.70
5027	28.70
5028	28.61
5029	28.52
5030	28.52
5031	28.42
5032	28.42
5033	28.33
5034	28.24
5035	28.70
5036	28.61
5037	28.61
5038	28.52
5039	28.42
5040	28.42
5041	28.33
5042	28.33
5043	28.24
5044	28.70
5045	28.61
5046	28.52
5047	28.52
5048	28.52
5049	28.42
5050	28.33
5051	28.33
5052	28.24
5053	28.24
5054	28.61
5055	28.52
5056	28.52
5057	28.42
5058	28.42
5059	28.33
5060	28.33
5061	28.24
5062	28.24
5063	28.61
5064	28.61
5065	28.52
5066	28.52
5067	28.42
5068	28.42
5069	28.33
5070	28.33
5071	28.24
5072	28.24
5073	28.61
5074	28.52
5075	28.52
5076	28.52
5077	28.42
5078	28.42
5079	28.33
5080	28.24
5081	28.24
5082	28.15
5083	28.15
5084	28.52
5085	28.52
5086	28.42
5087	28.42
5088	28.33
5089	28.33
5090	28.33
5091	28.24
5092	28.24
5093	28.15
5094	28.15
5095	28.52
5096	28.52
5097	28.42
5098	28.42
5099	28.33
5100	28.33
5101	28.24
5102	28.24
5103	28.15
5104	28.15
5105	28.06
5106	28.52
5107	28.42
5108	28.42
5109	28.42
5110	28.33
5111	28.24
5112	28.24
5113	28.24
5114	28.15
5115	28.15
5116	28.06
5117	28.52
5118	28.42
5119	28.42
5120	28.33
5121	28.33
5122	28.24
5123	28.24
5124	28.24
5125	28.15
5126	28.15
5127	28.06
5128	28.06
5129	28.42
5130	28.42
5131	28.33
5132	28.33
5133	28.33
5134	28.24
5135	28.24
5136	28.15
5137	28.15
5138	28.06
5139	28.06
5140	28.06
5141	28.42
5142	28.42
5143	28.33
5144	28.33
5145	28.24
5146	28.24
5147	28.15
5148	28.15
5149	28.06
5150	28.06
5151	28.06
5152	27.97
5153	28.42
5154	28.33
5155	28.33
5156	28.33
5157	28.24
5158	28.24
5159	28.15
5160	28.15
5161	28.15
5162	28.06
5163	28.06
5164	28.06
5165	27.97
5166	27.97
5167	28.33
5168	28.33
5169	28.33
5170	28.24
5171	28.24
5172	28.15
5173	28.15
5174	28.06
5175	28.06
5176	28.06
5177	28.06
5178	27.97
5179	27.97
5180	27.88
5181	28.33
5182	28.33
5183	28.24
5184	28.24
5185	28.15
5186	28.15
5187	28.15
5188	28.15
5189	28.06
5190	28.06
5191	28.06
5192	27.97
5193	27.97
5194	27.88
5195	27.88
5196	28.33
5197	28.24
5198	28.24
5199	28.24
5200	28.15
5201	28.15
5202	28.15
5203	28.06
5204	28.06
5205	28.06
5206	28.06
5207	27.97
5208	27.97
5209	27.97
5210	27.88
5211	27.88
5212	27.88
5213	28.24
5214	28.24
5215	28.24
5216	28.15
5217	28.15
5218	28.15
5219	28.15
5220	28.06
5221	28.06
5222	27.97
5223	27.97
5224	27.97
5225	27.88
5226	27.88
5227	27.88
5228	27.88
5229	28.24
5230	28.24
5231	28.15
5232	28.15
5233	28.15
5234	28.06
5235	28.06
5236	28.06
5237	28.06
5238	27.97
5239	27.97
5240	27.97
5241	27.88
5242	27.88
5243	27.88
5244	27.88
5245	27.79
5246	27.79
5247	28.24
5248	28.24
5249	28.15
5250	28.15
5251	28.15
5252	28.06
5253	28.06
5254	28.06
5255	28.06
5256	27.97
5257	27.97
5258	27.97
5259	27.97
5260	27.88
5261	27.88
5262	27.88
5263	27.79
5264	27.79
5265	27.79
5266	27.79
5267	28.15
5268	28.15
5269	28.15
5270	28.06
5271	28.06
5272	28.06
5273	28.06
5274	27.97
5275	27.97
5276	27.97
5277	27.97
5278	27.88
5279	27.88
5280	27.88
5281	27.88
5282	27.79
5283	27.79
5284	27.79
5285	27.79
5286	27.79
5287	27.70
5288	28.15
5289	28.15
5290	28.06
5291	28.06
5292	28.06
5293	28.06
5294	28.06
5295	27.97
5296	27.97
5297	27.97
5298	27.97
5299	27.88
5300	27.88
5301	27.88
5302	27.88
5303	27.88
5304	27.79
5305	27.79
5306	27.79
5307	27.79
5308	27.79
5309	27.79
5310	27.70
5311	27.70
5312	27.70
5313	27.60
5314	27.60
5315	28.06
5316	28.06
5317	28.06
5318	27.97
5319	28.06
5320	27.97
5321	27.97
5322	27.97
5323	27.97
5324	27.88
5325	27.88
5326	27.88
5327	27.88
5328	27.88
5329	27.88
5330	27.79
5331	27.79
5332	27.79
5333	27.79
5334	27.79
5335	27.79
5336	27.79
5337	27.70
5338	27.70
5339	27.70
5340	27.70
5341	27.70
5342	27.70
5343	27.70
5344	27.60
5345	27.60
5346	27.60
5347	27.60
5348	27.60
5349	28.06
5350	27.97
5351	27.97
5352	27.97
5353	27.97
5354	27.97
5355	27.97
5356	27.97
5357	27.97
5358	27.88
5359	27.97
5360	27.88
5361	27.88
5362	27.88
5363	27.88
5364	27.88
5365	27.88
5366	27.88
5367	27.88
5368	27.88
5369	27.88
5370	27.88
5371	27.79
5372	27.79
5373	27.79
5374	27.79
5375	27.79
5376	27.79
5377	27.79
5378	27.79
5379	27.79
5380	27.79
5381	27.70
5382	27.70
5383	27.70
5384	27.70
5385	27.70
5386	27.70
5387	27.70
5388	27.70
5389	27.70
5390	27.70
5391	27.70
5392	27.70
5393	27.70
5394	27.70
5395	27.70
5396	27.70
5397	27.70
5398	27.70
5399	27.60
5400	27.60
5401	27.60
5402	27.60
5403	27.60
5404	27.60
5405	27.60
5406	27.60
5407	27.60
5408	27.60
5409	27.60
5410	27.60
5411	27.60
5412	27.60
5413	27.60
5414	27.51
5415	27.60
5416	27.51
5417	27.51
5418	27.51
5419	27.51
5420	27.51
5421	27.51
5422	27.51
5423	27.51
5424	27.51
5425	27.51
5426	27.51
5427	27.51
5428	27.51
5429	27.42
5430	27.42
5431	27.42
5432	27.42
5433	27.42
5434	27.42
5435	27.42
5436	27.42
5437	27.42
5438	27.42
5439	27.42
5440	27.42
5441	27.42
5442	27.42
5443	27.88
5444	27.79
5445	27.79
5446	27.79
5447	27.88
5448	27.79
5449	27.79
5450	27.79
5451	27.79
5452	27.79
5453	27.79
5454	27.79
5455	27.79
5456	27.79
5457	27.79
5458	27.79
5459	27.79
5460	27.79
5461	27.79
5462	27.79
5463	27.79
5464	27.79
5465	27.79
5466	27.79
5467	27.79
5468	27.79
5469	27.79
5470	27.79
5471	27.79
5472	27.79
5473	27.79
5474	27.79
5475	27.79
5476	27.79
5477	27.79
5478	27.79
5479	27.79
5480	27.79
5481	27.79
5482	27.79
5483	27.79
5484	27.79
5485	27.79
5486	27.33
5487	27.33
5488	27.33
5489	27.33
5490	27.33
5491	27.33
5492	27.33
5493	27.33
5494	27.33
5495	27.33
5496	27.33
5497	27.33
5498	27.33
5499	27.33
5500	27.33
5501	27.33
5502	27.33
5503	27.33
5504	27.33
5505	27.42
5506	27.42
5507	27.42
5508	27.42
5509	27.42
5510	27.42
5511	27.42
5512	27.42
5513	27.42
5514	27.42
5515	27.42
5516	27.42
5517	27.42
5518	27.42
5519	27.42
5520	27.42
5521	27.42
5522	27.42
5523	27.42
5524	27.42
5525	27.42
5526	27.51
5527	27.51
5528	27.51
5529	27.51
5530	27.51
5531	27.51
5532	27.51
5533	27.51
5534	27.51
5535	27.51
5536	27.51
5537	27.51
5538	27.51
5539	27.51
5540	27.51
5541	27.51
5542	27.51
5543	27.51
5544	27.51
5545	27.60
5546	27.60
5547	27.60
5548	27.60
5549	27.60
5550	27.60
5551	27.60
5552	27.60
5553	27.60
5554	27.60
5555	27.70
5556	27.24
5557	27.24
5558	27.24
5559	27.24
5560	27.24
5561	27.24
5562	27.24
5563	27.24
5564	27.24
5565	27.33
5566	27.24
5567	27.33
5568	27.33
5569	27.33
5570	27.33
5571	27.33
5572	27.33
5573	27.33
5574	27.33
5575	27.33
5576	27.42
5577	27.42
5578	27.42
5579	27.42
5580	27.42
5581	27.42
5582	27.42
5583	27.42
5584	27.42
5585	27.42
5586	27.42
5587	27.51
5588	27.51
5589	27.51
5590	27.51
5591	27.51
5592	27.51
5593	27.51
5594	27.51
5595	27.51
5596	27.51
5597	27.60
5598	27.60
5599	27.15
5600	27.15
5601	27.15
5602	27.15
5603	27.24
5604	27.24
5605	27.24
5606	27.24
5607	27.24
5608	27.24
5609	27.24
5610	27.33
5611	27.33
5612	27.33
5613	27.33
5614	27.42
5615	27.42
5616	27.42
5617	27.42
5618	27.51
5619	27.51
5620	27.51
5621	27.06
5622	27.15
5623	27.15
5624	27.15
5625	27.24
5626	27.24
5627	27.24
5628	27.33
5629	27.33
5630	27.33
5631	27.33
5632	27.42
5633	27.42
5634	27.42
5635	27.42
5636	27.51
5637	27.51
5638	27.51
5639	27.15
5640	27.15
5641	27.15
5642	27.15
5643	27.24
5644	27.24
5645	27.24
5646	27.24
5647	27.33
5648	27.33
5649	27.33
5650	27.33
5651	27.42
5652	27.42
5653	27.51
5654	27.06
5655	27.06
5656	27.15
5657	27.15
5658	27.24
5659	27.24
5660	27.33
5661	27.33
5662	27.33
5663	27.42
5664	27.42
5665	27.51
5666	27.06
5667	27.15
5668	27.15
5669	27.15
5670	27.24
5671	27.24
5672	27.33
5673	27.33
5674	27.33
5675	27.42
5676	27.42
5677	27.06
5678	27.06
5679	27.15
5680	27.15
5681	27.15
5682	27.24
5683	27.24
5684	27.33
5685	27.33
5686	27.33
5687	27.42
5688	26.97
5689	27.06
5690	27.06
5691	27.15
5692	27.15
5693	27.24
5694	27.24
5695	27.33
5696	27.33
5697	27.33
5698	27.42
5699	27.42
5700	27.06
5701	27.06
5702	27.15
5703	27.15
5704	27.24
5705	27.24
5706	27.24
5707	27.33
5708	27.33
5709	27.33
5710	27.42
5711	26.97
5712	27.06
5713	27.06
5714	27.06
5715	27.15
5716	27.15
5717	27.15
5718	27.15
5719	27.24
5720	27.24
5721	27.33
5722	27.33
5723	27.33
5724	27.42
5725	26.97
5726	26.97
5727	27.06
5728	27.06
5729	27.15
5730	27.15
5731	27.15
5732	27.24
5733	27.24
5734	27.24
5735	27.33
5736	27.33
5737	27.33
5738	26.97
5739	26.97
5740	27.06
5741	27.06
5742	27.06
5743	27.15
5744	27.15
5745	27.15
5746	27.24
5747	27.24
5748	27.24
5749	27.33
5750	27.33
5751	26.97
5752	26.97
5753	26.97
5754	27.06
5755	27.06
5756	27.06
5757	27.15
5758	27.15
5759	27.24
5760	27.24
5761	27.24
5762	27.33
5763	26.97
5764	26.97
5765	26.97
5766	26.97
5767	27.06
5768	27.06
5769	27.15
5770	27.15
5771	27.15
5772	27.24
5773	27.24
5774	27.33
5775	27.33
5776	26.97
5777	26.97
5778	26.97
5779	26.97
5780	27.06
5781	27.06
5782	27.15
5783	27.15
5784	27.15
5785	27.24
5786	27.24
5787	27.33
5788	26.88
5789	26.97
5790	26.97
5791	26.97
5792	27.06
5793	27.06
5794	27.15
5795	27.15
5796	27.15
5797	27.24
5798	27.24
5799	26.88
5800	26.97
5801	26.97
5802	26.97
5803	27.06
5804	27.06
5805	27.15
5806	27.15
5807	27.15
5808	27.24
5809	27.24
5810	26.88
5811	26.88
5812	26.88
5813	26.97
5814	26.97
5815	27.06
5816	27.06
5817	27.15
5818	27.15
5819	27.15
5820	27.24
5821	26.88
5822	26.88
5823	26.88
5824	26.97
5825	26.97
5826	27.06
5827	27.06
5828	27.15
5829	27.15
5830	27.24
5831	26.88
5832	26.88
5833	26.97
5834	26.97
5835	26.97
5836	27.06
5837	27.15
5838	27.15
5839	27.15
5840	27.24
5841	26.79
5842	26.88
5843	26.88
5844	26.97
5845	26.97
5846	27.06
5847	27.06
5848	27.15
5849	27.15
5850	26.79
5851	26.88
5852	26.88
5853	26.97
5854	26.97
5855	27.06
5856	27.06
5857	27.06
5858	27.15
5859	27.15
5860	26.79
5861	26.88
5862	26.88
5863	26.97
5864	26.97
5865	27.06
5866	27.15
5867	27.15
5868	27.24
5869	26.79
5870	26.88
5871	26.88
5872	26.97
5873	26.97
5874	27.06
5875	27.06
5876	27.15
5877	27.15
5878	26.79
5879	26.88
5880	26.88
5881	26.97
5882	26.97
5883	27.06
5884	27.06
5885	27.15
5886	26.79
5887	26.79
5888	26.88
5889	26.88
5890	26.97
5891	26.97
5892	27.06
5893	27.15
5894	27.15
5895	26.79
5896	26.79
5897	26.88
5898	26.88
5899	26.97
5900	26.97
5901	27.06
5902	27.06
5903	27.15
5904	26.70
5905	26.79
5906	26.79
5907	26.88
5908	26.88
5909	26.97
5910	26.97
5911	27.06
5912	27.06
5913	27.15
5914	26.79
5915	26.79
5916	26.79
5917	26.88
5918	26.88
5919	26.97
5920	26.97
5921	27.06
5922	27.06
5923	27.15
5924	26.70
5925	26.79
5926	26.79
5927	26.88
5928	26.88
5929	26.97
5930	26.97
5931	27.06
5932	27.06
5933	26.70
5934	26.79
5935	26.79
5936	26.88
5937	26.88
5938	26.97
5939	26.97
5940	27.06
5941	27.06
5942	26.70
5943	26.79
5944	26.79
5945	26.79
5946	26.88
5947	26.88
5948	26.97
5949	26.97
5950	27.06
5951	27.06
5952	26.70
5953	26.79
5954	26.88
5955	26.88
5956	26.97
5957	26.97
5958	27.06
5959	26.70
5960	26.70
5961	26.79
5962	26.88
5963	26.88
5964	26.97
5965	27.06
5966	26.70
5967	26.70
5968	26.79
5969	26.88
5970	26.88
5971	26.97
5972	27.06
5973	27.06
5974	26.70
5975	26.79
5976	26.79
5977	26.88
5978	26.97
5979	27.06
5980	27.06
5981	26.70
5982	26.79
5983	26.79
5984	26.88
5985	26.88
5986	26.97
5987	27.06
5988	26.70
5989	26.70
5990	26.79
5991	26.88
5992	26.88
5993	26.97
5994	27.06
5995	26.70
5996	26.70
5997	26.79
5998	26.88
5999	26.88
6000	26.97
6001	26.97
6002	26.61
6003	26.70
6004	26.79
6005	26.79
6006	26.88
6007	26.97
6008	26.97
6009	26.61
6010	26.70
6011	26.79
6012	26.79
6013	26.88
6014	26.88
6015	26.88
6016	26.97
6017	26.61
6018	26.61
6019	26.70
6020	26.79
6021	26.79
6022	26.88
6023	26.88
6024	26.97
6025	27.06
6026	26.61
6027	26.70
6028	26.70
6029	26.79
6030	26.79
6031	26.88
6032	26.97
6033	26.97
6034	26.61
6035	26.70
6036	26.70
6037	26.79
6038	26.79
6039	26.88
6040	26.97
6041	26.97
6042	26.61
6043	26.61
6044	26.70
6045	26.79
6046	26.79
6047	26.88
6048	26.88
6049	26.97
6050	26.61
6051	26.61
6052	26.70
6053	26.70
6054	26.79
6055	26.88
6056	26.88
6057	26.97
6058	26.61
6059	26.61
6060	26.70
6061	26.79
6062	26.79
6063	26.88
6064	26.88
6065	26.97
6066	26.61
6067	26.70
6068	26.70
6069	26.70
6070	26.79
6071	26.88
6072	26.88
6073	26.97
6074	26.61
6075	26.61
6076	26.70
6077	26.70
6078	26.79
6079	26.88
6080	26.88
6081	26.52
6082	26.61
6083	26.61
6084	26.70
6085	26.70
6086	26.79
6087	26.88
6088	26.88
6089	26.52
6090	26.61
6091	26.61
6092	26.70
6093	26.79
6094	26.79
6095	26.88
6096	26.52
6097	26.61
6098	26.61
6099	26.70
6100	26.70
6101	26.79
6102	26.88
6103	26.88
6104	26.52
6105	26.61
6106	26.70
6107	26.70
6108	26.79
6109	26.79
6110	26.88
6111	26.88
6112	26.52
6113	26.61
6114	26.61
6115	26.70
6116	26.79
6117	26.79
6118	26.88
6119	26.52
6120	26.61
6121	26.61
6122	26.70
6123	26.70
6124	26.79
6125	26.88
6126	26.52
6127	26.52
6128	26.61
6129	26.70
6130	26.70
6131	26.79
6132	26.88
6133	26.88
6134	26.52
6135	26.61
6136	26.61
6137	26.70
6138	26.79
6139	26.79
6140	26.88
6141	26.52
6142	26.61
6143	26.61
6144	26.70
6145	26.79
6146	26.79
6147	26.88
6148	26.52
6149	26.61
6150	26.61
6151	26.70
6152	26.70
6153	26.79
6154	26.88
6155	26.52
6156	26.52
6157	26.61
6158	26.61
6159	26.70
6160	26.79
6161	26.88
6162	26.43
6163	26.52
6164	26.61
6165	26.61
6166	26.70
6167	26.79
6168	26.79
6169	26.52
6170	26.52
6171	26.61
6172	26.70
6173	26.70
6174	26.79
6175	26.88
6176	26.52
6177	26.52
6178	26.61
6179	26.70
6180	26.70
6181	26.79
6182	26.88
6183	26.43
6184	26.52
6185	26.61
6186	26.61
6187	26.70
6188	26.79
6189	26.79
6190	26.43
6191	26.52
6192	26.61
6193	26.61
6194	26.70
6195	26.79
6196	26.88
6197	26.43
6198	26.52
6199	26.61
6200	26.61
6201	26.70
6202	26.79
6203	26.79
6204	26.43
6205	26.52
6206	26.61
6207	26.61
6208	26.70
6209	26.70
6210	26.79
6211	26.43
6212	26.52
6213	26.52
6214	26.61
6215	26.70
6216	26.79
6217	26.79
6218	26.43
6219	26.52
6220	26.61
6221	26.61
6222	26.70
6223	26.79
6224	26.43
6225	26.43
6226	26.52
6227	26.61
6228	26.61
6229	26.70
6230	26.79
6231	26.43
6232	26.43
6233	26.52
6234	26.61
6235	26.61
6236	26.70
6237	26.79
6238	26.43
6239	26.43
6240	26.52
6241	26.61
6242	26.61
6243	26.70
6244	26.79
6245	26.43
6246	26.43
6247	26.52
6248	26.61
6249	26.70
6250	26.70
6251	26.34
6252	26.43
6253	26.52
6254	26.61
6255	26.70
6256	26.70
6257	26.34
6258	26.43
6259	26.52
6260	26.61
6261	26.61
6262	26.70
6263	26.34
6264	26.43
6265	26.52
6266	26.61
6267	26.70
6268	26.70
6269	26.34
6270	26.43
6271	26.52
6272	26.61
6273	26.70
6274	26.79
6275	26.43
6276	26.43
6277	26.52
6278	26.61
6279	26.70
6280	26.70
6281	26.43
6282	26.43
6283	26.52
6284	26.61
6285	26.70
6286	26.70
6287	26.34
6288	26.43
6289	26.52
6290	26.61
6291	26.70
6292	26.79
6293	26.34
6294	26.43
6295	26.52
6296	26.61
6297	26.70
6298	26.34
6299	26.43
6300	26.43
6301	26.52
6302	26.61
6303	26.70
6304	26.34
6305	26.43
6306	26.52
6307	26.52
6308	26.61
6309	26.70
6310	26.34
6311	26.43
6312	26.52
6313	26.61
6314	26.61
6315	26.70
6316	26.34
6317	26.43
6318	26.43
6319	26.52
6320	26.61
6321	26.61
6322	26.70
6323	26.34
6324	26.43
6325	26.43
6326	26.52
6327	26.61
6328	26.70
6329	26.34
6330	26.34
6331	26.43
6332	26.52
6333	26.52
6334	26.61
6335	26.70
6336	26.34
6337	26.34
6338	26.43
6339	26.52
6340	26.61
6341	26.61
6342	26.70
6343	26.34
6344	26.43
6345	26.43
6346	26.52
6347	26.61
6348	26.61
6349	26.34
6350	26.34
6351	26.43
6352	26.52
6353	26.52
6354	26.61
6355	26.70
6356	26.34
6357	26.34
6358	26.43
6359	26.52
6360	26.52
6361	26.61
6362	26.25
6363	26.34
6364	26.43
6365	26.43
6366	26.52
6367	26.61
6368	26.70
6369	26.34
6370	26.43
6371	26.52
6372	26.52
6373	26.61
6374	26.25
6375	26.34
6376	26.43
6377	26.52
6378	26.61
6379	26.70
6380	26.34
6381	26.34
6382	26.43
6383	26.52
6384	26.61
6385	26.25
6386	26.34
6387	26.43
6388	26.52
6389	26.52
6390	26.61
6391	26.25
6392	26.34
6393	26.43
6394	26.52
6395	26.61
6396	26.25
6397	26.34
6398	26.43
6399	26.43
6400	26.52
6401	26.61
6402	26.25
6403	26.34
6404	26.43
6405	26.52
6406	26.61
6407	26.25
6408	26.34
6409	26.34
6410	26.43
6411	26.52
6412	26.61
6413	26.25
6414	26.34
6415	26.43
6416	26.52
6417	26.61
6418	26.25
6419	26.34
6420	26.34
6421	26.43
6422	26.52
6423	26.61
6424	26.25
6425	26.34
6426	26.43
6427	26.52
6428	26.52
6429	26.25
6430	26.34
6431	26.43
6432	26.43
6433	26.52
6434	26.61
6435	26.25
6436	26.34
6437	26.43
6438	26.52
6439	26.61
6440	26.25
6441	26.34
6442	26.43
6443	26.52
6444	26.61
6445	26.25
6446	26.34
6447	26.34
6448	26.43
6449	26.52
6450	26.25
6451	26.25
6452	26.43
6453	26.43
6454	26.52
6455	26.16
6456	26.25
6457	26.34
6458	26.43
6459	26.52
6460	26.61
6461	26.25
6462	26.34
6463	26.43
6464	26.52
6465	26.61
6466	26.25
6467	26.34
6468	26.43
6469	26.52
6470	26.52
6471	26.25
6472	26.34
6473	26.43
6474	26.52
6475	26.61
6476	26.25
6477	26.34
6478	26.34
6479	26.43
6480	26.52
6481	26.16
6482	26.25
6483	26.34
6484	26.43
6485	26.52
6486	26.16
6487	26.25
6488	26.34
6489	26.43
6490	26.52
6491	26.16
6492	26.25
6493	26.34
6494	26.43
6495	26.52
6496	26.16
6497	26.25
6498	26.34
6499	26.43
6500	26.52
6501	26.61
6502	26.25
6503	26.34
6504	26.43
6505	26.43
6506	26.52
6507	26.25
6508	26.25
6509	26.34
6510	26.43
6511	26.52
6512	26.25
6513	26.25
6514	26.34
6515	26.43
6516	26.52
6517	26.16
6518	26.25
6519	26.34
6520	26.43
6521	26.52
6522	26.16
6523	26.25
6524	26.34
6525	26.43
6526	26.52
6527	26.25
6528	26.25
6529	26.34
6530	26.43
6531	26.52
6532	26.16
6533	26.25
6534	26.34
6535	26.43
6536	26.52
6537	26.16
6538	26.25
6539	26.34
6540	26.43
6541	26.07
6542	26.25
6543	26.34
6544	26.34
6545	26.43
6546	26.16
6547	26.25
6548	26.34
6549	26.43
6550	26.43
6551	26.16
6552	26.25
6553	26.34
6554	26.43
6555	26.52
6556	26.16
6557	26.25
6558	26.34
6559	26.43
6560	26.52
6561	26.16
6562	26.25
6563	26.34
6564	26.34
6565	26.43
6566	26.52
6567	26.16
6568	26.25
6569	26.34
6570	26.34
6571	26.43
6572	26.52
6573	26.16
6574	26.25
6575	26.34
6576	26.34
6577	26.43
6578	26.07
6579	26.16
6580	26.25
6581	26.34
6582	26.34
6583	26.43
6584	26.07
6585	26.16
6586	26.25
6587	26.34
6588	26.34
6589	26.43
6590	26.07
6591	26.16
6592	26.25
6593	26.34
6594	26.43
6595	26.43
6596	26.16
6597	26.16
6598	26.25
6599	26.34
6600	26.43
6601	26.07
6602	26.16
6603	26.25
6604	26.25
6605	26.34
6606	26.43
6607	26.07
6608	26.16
6609	26.25
6610	26.34
6611	26.34
6612	26.43
6613	26.07
6614	26.16
6615	26.25
6616	26.34
6617	26.34
6618	26.43
6619	26.16
6620	26.16
6621	26.25
6622	26.34
6623	26.43
6624	26.52
6625	26.16
6626	26.25
6627	26.25
6628	26.34
6629	26.43
6630	26.07
6631	26.16
6632	26.25
6633	26.34
6634	26.34
6635	26.43
6636	26.07
6637	26.16
6638	26.25
6639	26.34
6640	26.34
6641	26.07
6642	26.16
6643	26.16
6644	26.25
6645	26.34
6646	26.43
6647	26.07
6648	26.16
6649	26.16
6650	26.25
6651	26.34
6652	26.43
6653	26.07
6654	26.16
6655	26.25
6656	26.34
6657	26.43
6658	26.07
6659	26.16
6660	26.16
6661	26.25
6662	26.34
6663	26.43
6664	26.07
6665	26.16
6666	26.25
6667	26.34
6668	26.34
6669	25.98
6670	26.07
6671	26.16
6672	26.25
6673	26.34
6674	26.34
6675	26.07
6676	26.07
6677	26.16
6678	26.25
6679	26.34
6680	26.43
6681	26.07
6682	26.16
6683	26.25
6684	26.25
6685	26.34
6686	25.98
6687	26.07
6688	26.16
6689	26.25
6690	26.34
6691	26.43
6692	26.07
6693	26.16
6694	26.25
6695	26.25
6696	26.34
6697	26.07
6698	26.16
6699	26.16
6700	26.25
6701	26.34
6702	26.43
6703	26.07
6704	26.16
6705	26.25
6706	26.25
6707	26.34
6708	25.98
6709	26.07
6710	26.16
6711	26.25
6712	26.34
6713	26.43
6714	26.07
6715	26.16
6716	26.16
6717	26.25
6718	26.34
6719	25.98
6720	26.07
6721	26.16
6722	26.25
6723	26.34
6724	26.43
6725	26.07
6726	26.16
6727	26.25
6728	26.25
6729	26.34
6730	25.98
6731	26.07
6732	26.16
6733	26.25
6734	26.34
6735	25.98
6736	26.07
6737	26.16
6738	26.25
6739	26.25
6740	26.34
6741	25.98
6742	26.07
6743	26.16
6744	26.25
6745	26.34
6746	25.98
6747	26.07
6748	26.16
6749	26.25
6750	26.25
6751	26.34
6752	26.07
6753	26.07
6754	26.16
6755	26.25
6756	26.34
6757	25.98
6758	26.07
6759	26.16
6760	26.25
6761	26.34
6762	25.98
6763	26.07
6764	26.16
6765	26.16
6766	26.25
6767	26.34
6768	25.98
6769	26.07
6770	26.16
6771	26.25
6772	26.34
6773	25.98
6774	26.07
6775	26.16
6776	26.25
6777	26.34
6778	25.98
6779	26.07
6780	26.16
6781	26.16
6782	26.25
6783	26.34
6784	25.98
6785	26.07
6786	26.16
6787	26.25
6788	26.34
6789	25.98
6790	26.07
6791	26.16
6792	26.25
6793	26.34
6794	25.98
6795	26.07
6796	26.07
6797	26.16
6798	26.25
6799	25.89
6800	25.98
6801	26.07
6802	26.16
6803	26.25
6804	26.34
6805	25.98
6806	26.07
6807	26.16
6808	26.25
6809	26.34
6810	25.98
6811	26.07
6812	26.16
6813	26.25
6814	26.34
6815	25.98
6816	26.07
6817	26.07
6818	26.16
6819	26.25
6820	25.89
6821	25.98
6822	26.07
6823	26.16
6824	26.25
6825	26.34
6826	25.98
6827	26.07
6828	26.16
6829	26.25
6830	26.34
6831	25.98
6832	26.07
6833	26.16
6834	26.25
6835	26.25
6836	25.98
6837	26.07
6838	26.16
6839	26.16
6840	26.25
6841	25.89
6842	25.98
6843	26.07
6844	26.16
6845	26.25
6846	25.89
6847	25.98
6848	26.07
6849	26.16
6850	26.25
6851	25.89
6852	25.98
6853	26.07
6854	26.16
6855	26.25
6856	26.34
6857	25.98
6858	26.07
6859	26.16
6860	26.25
6861	26.25
6862	25.98
6863	26.07
6864	26.16
6865	26.16
6866	26.25
6867	25.89
6868	25.98
6869	26.07
6870	26.16
6871	26.25
6872	25.89
6873	25.98
6874	26.07
6875	26.16
6876	26.25
6877	25.89
6878	25.98
6879	26.07
6880	26.16
6881	26.25
6882	25.89
6883	25.98
6884	26.07
6885	26.16
6886	26.25
6887	25.89
6888	25.98
6889	26.07
6890	26.16
6891	26.16
6892	25.89
6893	25.98
6894	26.07
6895	26.16
6896	26.25
6897	25.89
6898	25.98
6899	26.07
6900	26.07
6901	26.16
6902	25.89
6903	25.98
6904	25.98
6905	26.07
6906	26.16
6907	26.25
6908	25.89
6909	25.98
6910	26.07
6911	26.16
6912	26.25
6913	25.89
6914	25.98
6915	26.07
6916	26.16
6917	26.25
6918	25.89
6919	25.98
6920	26.07
6921	26.16
6922	26.25
6923	25.89
6924	25.98
6925	26.07
6926	26.16
6927	26.25
6928	25.89
6929	25.98
6930	26.07
6931	26.16
6932	26.25
6933	25.89
6934	25.98
6935	26.07
6936	26.16
6937	26.25
6938	25.89
6939	25.98
6940	26.07
6941	26.16
6942	25.80
6943	25.89
6944	25.98
6945	26.07
6946	26.16
6947	25.89
6948	25.89
6949	25.98
6950	26.07
6951	26.16
6952	25.89
6953	25.89
6954	26.07
6955	26.07
6956	26.16
6957	25.80
6958	25.89
6959	25.98
6960	26.07
6961	26.16
6962	25.80
6963	25.89
6964	25.98
6965	26.07
6966	26.16
6967	25.89
6968	25.98
6969	26.07
6970	26.16
6971	26.16
6972	25.89
6973	25.98
6974	26.07
6975	26.16
6976	26.25
6977	25.89
6978	25.98
6979	26.07
6980	26.16
6981	25.80
6982	25.89
6983	25.98
6984	26.07
6985	26.16
6986	25.80
6987	25.89
6988	25.98
6989	26.07
6990	26.16
6991	25.80
6992	25.89
6993	25.98
6994	26.07
6995	26.16
6996	25.80
6997	25.89
6998	25.98
6999	26.07
7000	26.16
7001	25.80
7002	25.89
7003	25.98
7004	26.07
7005	26.16
7006	25.80
7007	25.89
7008	25.98
7009	26.16
7010	26.25
7011	25.89
7012	25.89
7013	25.98
7014	26.16
7015	26.16
7016	25.80
7017	25.98
7018	25.98
7019	26.07
7020	26.25
7021	25.89
7022	25.98
7023	26.07
7024	26.16
7025	25.80
7026	25.89
7027	25.98
7028	26.07
7029	26.16
7030	25.80
7031	25.89
7032	25.98
7033	26.07
7034	26.16
7035	25.80
7036	25.89
7037	25.98
7038	26.07
7039	26.16
7040	25.80
7041	25.89
7042	25.98
7043	26.07
7044	26.16
7045	25.80
7046	25.89
7047	25.98
7048	26.07
7049	26.16
7050	25.80
7051	25.89
7052	25.98
7053	26.07
7054	26.16
7055	25.80
7056	25.89
7057	25.98
7058	26.07
7059	25.80
7060	25.80
7061	25.98
7062	26.07
7063	26.07
7064	25.80
7065	25.89
7066	25.98
7067	26.07
7068	26.16
7069	25.80
7070	25.89
7071	25.98
7072	26.07
7073	26.16
7074	25.80
7075	25.89
7076	25.98
7077	26.07
7078	26.16
7079	25.80
7080	25.89
7081	25.98
7082	26.07
7083	26.16
7084	25.80
7085	25.89
7086	25.98
7087	26.07
7088	25.80
7089	25.89
7090	25.98
7091	26.07
7092	26.16
7093	25.80
7094	25.89
7095	25.98
7096	26.07
7097	26.16
7098	25.80
7099	25.89
7100	25.98
7101	26.07
7102	25.71
7103	25.80
7104	25.89
7105	25.98
7106	26.07
7107	25.80
7108	25.89
7109	25.98
7110	25.98
7111	26.07
7112	25.80
7113	25.89
7114	25.98
7115	26.07
7116	26.16
7117	25.80
7118	25.89
7119	25.98
7120	26.07
7121	25.71
7122	25.80
7123	25.89
7124	25.98
7125	26.07
7126	25.80
7127	25.89
7128	25.98
7129	26.07
7130	26.07
7131	25.80
7132	25.89
7133	25.98
7134	26.07
7135	25.71
7136	25.80
7137	25.89
7138	25.98
7139	26.07
7140	25.71
7141	25.80
7142	25.89
7143	26.07
7144	26.16
7145	25.80
7146	25.89
7147	25.98
7148	26.07
7149	25.71
7150	25.80
7151	25.89
7152	25.98
7153	26.07
7154	25.71
7155	25.80
7156	25.89
7157	25.98
7158	26.16
7159	25.80
7160	25.89
7161	25.98
7162	26.07
7163	25.71
7164	25.89
7165	25.89
7166	25.98
7167	26.07
7168	25.80
7169	25.89
7170	25.98
7171	26.07
7172	25.71
7173	25.80
7174	25.89
7175	25.98
7176	26.07
7177	25.71
7178	25.80
7179	25.98
7180	25.98
7181	26.16
7182	25.80
7183	25.89
7184	25.98
7185	26.07
7186	25.71
7187	25.80
7188	25.89
7189	25.98
7190	26.07
7191	25.80
7192	25.89
7193	25.98
7194	26.07
7195	25.71
7196	25.80
7197	25.89
7198	25.98
7199	26.07
